c	0	0	31262239978
c	1000000000	52688443926	15738638128
c	507399133	26520445688	11639640127
c	492600867	23127840166	11483497970
c	253700117	12582105674	10705929912
c	253699016	13229465688	9934182279
c	8662493	421680202	9937857159
c	483938374	24706915813	6316030100
c	52936998	2548809619	6294046366
c	200763119	10421644745	5716133786
c	132152877	6523024631	5632531553
c	121546139	6096575489	5503425441
c	7030212	356300024	5502784649
c	1632281	78331661	5505429699
c	170282525	8174364851	5294885716
c	313655849	14824527154	4967366450
c	3651408	177863796	4966627773
c	49285590	2533631551	4927576215
c	72990793	3728088986	4837967787
c	127772326	6161641212	4747471232
c	115251240	5900674116	4549968969
c	16901637	819813760	4553336871
c	86488123	4216227041	4544576398
c	35058016	1754960256	4523797286
c	5806360	281609994	4523586821
c	1223852	61750655	4525735281
c	1321886	65889118	4528528497
c	310395	15635367	4525084971
c	18055261	930153652	4521433143
c	152227264	7787732361	4248535163
c	16870089	829032019	4246221532
c	296785760	14252836481	4010202146
s	3221269	1462547184	4005983188
s	430139	168035406	4010264003
s	19793471	10050804954	3986134374
s	29492119	15335305308	3957711929
s	27764001	14361336640	3925563069
s	45226792	24150240026	3879765227
s	14113260	7069190137	3873968365
s	113659066	64104137835	3416602192
s	81021289	44644593159	3071015079
s	34229951	17987309037	3057913922
s	15967843	8035226823	3054930618
s	933794	388713308	3054806412
s	79185454	43625928599	3008774558
s	7302669	3490678938	3008561808
s	25404785	13101086354	2992009551
s	9653231	4733794935	2985223496
s	5533329	2597926959	2988801493
s	273031	103705821	2987340034
s	769716	316398783	2985385479
s	454136	178538410	2985398403
s	883061	366421633	2985392794
s	438825	174219536	2985480047
s	197936	73360769	2985289495
s	112459	39686064	2988124397
s	6012737	2847473262	2985042331
s	12042524	5952917406	2976413329
s	117561631	66182451338	2357052599
s	34665633	18251888238	2329382150
s	12846640	6409304815	2320629230
s	4023449	1849755387	2320746762
s	18063925	9206969757	2315431856
s	278721835	164692339075	7022
