c	0	0	31331843234
c	1000000000	53589798915	15861532655
c	507399133	26870627847	11752040739
c	492600867	23270406401	11553173836
c	253700117	12815223334	10810862340
c	253699016	13327042550	10031444389
c	8662493	422434457	10025541056
c	483938374	24996152363	6375031971
s	52936998	28893610577	6249217127
s	200763119	116737026817	4902034920
s	132152877	74666334591	4249641611
s	121546139	68368567789	4026629208
s	7030212	3359984273	4026601069
s	1632281	705444355	4025705381
s	170282525	97453637431	2886650271
s	313655849	185782206950	6707
