c	0	0	31236546160
c	1000000000	52582530679	15754519697
c	507399133	27400676409	11715511513
c	492600867	23459243340	11505444143
c	253700117	12521512593	10763367144
c	253699016	13559197767	9974404685
c	8662493	419959986	9989692803
c	483938374	25402821746	6333278377
s	52936998	28649125665	6230159829
s	200763119	116454692949	4922293788
s	132152877	75681249362	4265415747
s	121546139	69203473146	4039674015
s	7030212	3364432199	4054277678
s	1632281	705676838	4045815428
s	170282525	97766004219	2914662670
s	313655849	185904757310	6766
