c	0	0	31248447651
c	1000000000	52678591713	15725642388
c	507399133	26510687057	11635048569
c	492600867	23124449120	11484398102
c	253700117	12583703913	10701984679
c	253699016	13226523091	9941608695
c	8662493	421456472	9938241757
c	483938374	24829767869	6319797278
c	52936998	2548052770	6296227523
c	200763119	10425490207	5713573923
c	132152877	6525174865	5629682341
c	121546139	6093020648	5500489499
c	7030212	355433888	5498961623
c	1632281	78089117	5514293643
c	170282525	8173299255	5319166378
c	313655849	14827167716	5004740370
c	3651408	178013139	4996116414
c	49285590	2531233636	4946636719
c	72990793	3729619166	4851581997
c	127772326	6158257696	4753134363
c	115251240	5905206439	4557174847
c	16901637	818978547	4553098190
c	86488123	4213473865	4549181235
c	35058016	1754120863	4526938091
c	5806360	281116511	4525046109
c	1223852	62005134	4525094175
c	1321886	66006573	4524913190
c	310395	15689503	4527122374
c	18055261	930320181	4520477702
c	152227264	7783310792	4257107275
c	16870089	830445082	4249362970
c	296785760	14252131130	4005883910
c	3221269	165138547	4008417627
c	430139	21634806	4004323811
c	19793471	955387337	3992799127
c	29492119	1540026450	3979410570
c	27764001	1364903956	3969644974
c	45226792	2367446118	3949079059
c	14113260	719354840	3949094296
c	113659066	5563214942	3797777343
c	81021289	3911656181	3700037338
c	34229951	1721769882	3695492101
c	15967843	817917655	3696326601
c	933794	44827389	3695561630
c	79185454	3739652451	3695417870
c	7302669	345388120	3695390943
c	25404785	1252765812	3692534842
c	9653231	474407392	3689359498
c	5533329	277152067	3692131927
c	273031	13490499	3688560162
c	769716	36231960	3688489921
c	454136	21676982	3688427600
c	883061	45460206	3688599068
c	438825	20906487	3688599838
c	197936	10107216	3689473143
c	112459	5316368	3688448013
c	6012737	295959050	3688456131
c	12042524	600614332	3687671775
c	117561631	5600016714	3586224560
c	34665633	1695737735	3576863530
c	12846640	644319956	3573993537
c	4023449	212227745	3572853292
c	18063925	889920869	3570977115
c	278721835	13816039358	2541254913
c	1371829	66759175	2541067044
c	1849440	90552625	2541154585
c	265386	13371483	2541412453
c	164753	7902515	2541024323
c	3888277	198658673	2539985700
c	15905194	778516029	2535644273
c	13307291	632617692	2535728254
c	16184828	800485819	2533041730
c	2186089	107297373	2532339623
c	25577912	1298400320	2521824939
c	24104411	1257716045	2513623417
c	21122381	1022019361	2512737575
c	4822134	242571849	2511518163
c	9291126	482181052	2509262400
c	22157561	1156903633	2499271860
c	91501505	4361767960	2439668115
c	10254448	530625827	2434140532
c	70766841	3626015470	2307935355
c	11127142	518764381	2307869582
c	23102809	1211578880	2308065335
c	10492901	512370216	2305013224
c	5474942	267942231	2305035704
c	145262	6984652	2309293061
c	788532	39762532	2310451827
c	19963	2669481	2307042151
c	79165491	3997310455	2281055568
c	193231	9725351	2281146237
c	7109438	348357327	2281226424
c	21207322	1035193641	2281828516
c	4197463	211433989	2278861800
c	1208187	61460406	2278938263
c	8445044	429780746	2277467111
c	1928323	99291178	2277349636
c	3605006	182799984	2277515389
c	199331	10297671	2277593170
c	73700	3598401	2277542408
c	705641	35674971	2277385638
c	64075	3161056	2280483741
c	390577	18951714	2277134471
c	63559	3295452	2276382662
c	460864	22077633	2276209043
c	422197	21180987	2275863820
c	52268	2706288	2275810987
c	386557	18083152	2276322896
c	80528	3831275	2276307843
c	117408	5864420	2276332576
c	105236	4931856	2278526916
c	7223	369963	2277016350
c	4981714	245089787	2284235210
c	1031023	50688858	2276427885
c	10701428	533272634	2274424056
c	1341096	68041004	2274272038
c	7463511	380785718	2272269431
c	110098120	5309871498	2214774700
c	5755427	269305922	2215313255
c	28910206	1362801095	2214933287
c	9464440	489956101	2214648023
c	3382200	162593566	2212308652
c	2326428	119965237	2213196668
c	1697021	83158085	2213008264
c	14130702	705843994	2211698619
c	3933223	193716549	2211500947
c	208054330	10552596863	1798461760
c	70667505	3719559168	1673000049
s	1168713	495090580	1672529386
s	203116	75485753	1672532656
s	1629370	705250982	1675282932
s	220070	82662009	1672361715
s	91057	32156186	1672354207
s	174329	64032614	1672471405
s	142205	51360763	1672325881
s	22548	6955726	1672456828
s	2237976	986311868	1671641975
s	1650301	711194107	1671225787
s	2233529	983746552	1670432041
s	13671665	6806554228	1670396829
s	13084767	6461639521	1666110231
s	222524	83239307	1665877120
s	12833459	6362565599	1660018593
s	3351369	1521366880	1659689642
s	181397	66554197	1657959962
s	2004692	887684753	1657298300
s	7520996	3621509409	1654952473
s	18056916	9155726101	1643203389
s	10604014	5189024245	1636851431
s	13500397	6732365098	1632686037
s	18842045	9581309560	1632765935
s	2280336	1006280597	1632586322
s	3757372	1736412444	1632658087
s	1064762	448971049	1632521065
s	4013860	1858303731	1631499783
s	5277266	2463656502	1643467949
s	12193711	6029343032	1623283367
s	9963850	4911806484	1629934897
s	12304041	6081768284	1615954573
s	79197464	43552383152	1399582049
s	6725876	3196521771	1392441162
s	3528572	1604256379	1390453478
s	44113761	23562442042	1328662373
s	26653080	13783538250	1273359603
s	724110	296069225	1273336969
s	10403032	5100109349	1278063080
s	13078350	6544104191	1268906876
s	10024459	4908142621	1269306967
s	10480381	5141402317	1269468830
s	12520	3661273	1272845652
s	1449329	621161183	1269401600
s	4025613	1850770012	1269521693
s	28187	8912313	1269469196
s	117075	41533096	1269478253
s	501360	199470428	1269483253
s	287172	109704061	1269346038
s	1226	276111	1269311151
s	18737	5693487	1269382473
s	55688221	30176172142	1253489247
s	23477270	12038902392	1246511415
s	69704	23506066	1245944536
s	123527	44003824	1246437968
s	615444	249119368	1246463137
s	6493994	3070297701	1246519683
s	18198491	9243333981	1234890659
s	3008831	1354230009	1237512067
s	2990102	1353906574	1234982888
s	1207361	511041792	1234962261
s	774452	321765840	1234540367
s	433735	170796250	1234703381
s	5214487	2456629697	1232843056
s	3230557	1459151062	1232782205
s	1106396	468545291	1232876266
s	821927	339273373	1232695712
s	2676331	1198466403	1232830996
s	928675	386367662	1232828513
s	86248	29596534	1232758428
s	113083	40013375	1232735146
s	59364	19885645	1232531133
s	14336	4176596	1232547940
s	435955	172190583	1232408164
s	269686	102201799	1232445728
s	47393	15469502	1235580635
s	16682	4994987	1232425430
s	81883	28205528	1232482784
s	308694	117881080	1232444297
s	27837	8682421	1232270294
s	35722	11411915	1232591911
s	81761	28326136	1232526047
s	379103	147192342	1232430146
s	141854	51608271	1232600481
s	280343	106342171	1232482573
s	21988	6735644	1232500979
s	30280	9564773	1232600561
s	35640	11430881	1232580917
s	350917	136077187	1232639655
s	10707	3026980	1232594809
s	69821	23871095	1232574711
s	35075	11175231	1232575891
s	82333	28562632	1235281317
s	3517	897247	1232557895
s	101719	35925355	1232507684
s	6241	1710364	1232375717
s	982	225746	1232514562
s	1162709	491183298	1232448083
s	3819005	1747305229	1232392773
s	305341	116848427	1232544201
s	725682	296291931	1232456958
s	7809817	3788751266	1227378216
s	2891611	1311023769	1227792754
s	870351	358572919	1227808790
s	470745	187030833	1227901181
s	4909770	2287150580	1226193302
s	2553741	1147658978	1225377845
s	5801391	2728130906	1223489057
s	104296729	59254644741	764731531
s	80295	27496137	766904142
s	5675132	2665384088	762689023
s	28785278	14968733149	752787034
s	124928	44675748	752701807
s	3494619	1599504224	751781652
s	5969821	2815553636	749743091
s	579610	234398616	749706374
s	2802590	1256319856	749747752
s	1111962	468329221	749719503
s	1214466	516292856	749612176
s	332617	127479247	749638636
s	1364404	585203406	749766837
s	10462182	5138084028	747044340
s	3668520	1678302578	746974113
s	717229	292754500	746932928
s	3215994	1456092024	746951712
s	145642757	83277450962	201086462
s	62411573	34079085184	122246858
s	37801587	20045807108	60970649
s	32865918	17263588864	5263
