RUNTIMES:
139341
202713
664731
278160
52363
77604
48164
14030
13404
10877
152167
39474
52790
11873
10470
13270
63020
6677
17013
11150
13646
9840
9644
11710
9070
114054
14320
9880
10380
13994
8280
9280
13213
14910
16620
14473
14333
13653
15240
10913
11170
9820
5330
13216
10440
15714
12763
6196
8714
9214
12910
9867
10337
13983
14270
9977
10654
7564
10363
14863
16214
10663
11213
8473
8457
9854
14336
10270
14163
12583
16010
16777
10090
16467
7200
6213
7830
14986
10774
10646
13417
13163
13087
9033
10353
9417
10773
15323
11260
15237
13470
9330
7103
4976
6124
13426
7773
10010
14933
37144
14937
