90890616973	15209867230
764611650961	11229211974
87326854787	7262783923
355603099043	5308502906
227811244493	5396838633
2438956935190	4362467284
20033733111	3632963474
189341102776	3496834242
300119229630	2866625062
110137880100	3055752922
91778715170	3017419883
5610943909251	2905689702
877425448007	2183216775
638882503450	1845436510
22254043063	1747395565
99992947895	1802049984
89663619020	1773360373
90770553354	1813145409
60344975001	1595299288
122604946822	1609986616
61579191436	1259017714
606240821378	1342755329
252911841169	1248405274
42900797659	1141932829
58410406139	1066300698
503672838541	1068556327
267907830720	1166571323
1556504118168	1146290325
8792894882360	1234021441
1375569037828	983783267
49305089930	888900142
45468679917	895397160
36249893655	861989590
24089637893	905457543
34682587358	805842244
28370725209	806772599
28700870155	843460346
23603866426	892794795
70094495045	771815967
30730547919	676848574
42198008583	750202921
81357919524	846788374
41122614128	801917592
24528911342	810414288
33805478410	628542278
23807818517	663830751
251594972120	792391761
157048587168	584460052
225451932579	606695483
293333800947	730111684
277549226752	618241410
210093386927	622049874
1182855412644	534236888
355100035422	577350971
164100857028	573624853
704681632451	626174526
460143117683	492859761
133541760410	535836659
2730716308191	486888999
1793787154517	483372638
91602844662	539774178
19458905674	449295785
11066662604646	444464613
12089405616	440629463
21381756291	442506420
348783974522	443040146
20346240968	451929527
34832174695	450899105
14046931232	445075155
16171884805	419587122
13799701705	423836887
17614331137	375465321
98636762300	382463077
12568432006	377094221
16841310548	425902373
12528172397	384690886
21298699261	384161697
16474879064	418031448
27048408247	360788010
13560890444	370436909
61203710182	363628631
19711676329	317109273
18135258125	309944616
14831210876	378773371
58893045512	378625004
14015899031	356409924
81686330128	403748405
91618173381	317442299
