90770081419	15166379066
765629577748	11208392972
87223474249	7250391984
354867453420	5296757489
227757751591	5387443399
2441517177476	4359432156
20031216927	3629391390
189134729181	3492714795
300433045294	2866072950
110203859818	3050928768
91653051144	3014487196
5601731306120	2900251980
878875141056	2179882376
636322186554	1827421189
22206586985	1751423566
32150675811	1802379999
32444895188	1773730833
32986252740	1813310379
34329088001	1412161050
31780260147	1428603231
33445855272	721659104
31882446190	887597404
32113822446	708989650
32774305692	518222359
30835760236	360787749
32187993822	350082096
31323374830	523339916
32155665711	525120273
30258153286	706216498
31290086684	172028488
32694019568	9867
