c	0	0	30143527142
c	1000000000	51168604432	15681696340
c	507399133	25834391942	8788235978
c	492600867	22459723898	8757275790
c	483938374	24436604574	8103403753
c	286122404	14207804377	7852479339
c	253700117	12592047932	4643195166
c	253699016	12356455955	4574346086
c	210589514	10134744373	4403428402
c	204901030	9838660214	4290669033
c	197815970	9749829806	4259411920
c	184319937	9405883110	4193945918
c	181657754	9119025611	2883711525
c	180821635	8991516754	2769577246
c	144221356	6727692332	2765879433
c	135017683	6580585514	2754362796
c	128411629	6347168009	2666996628
c	108818897	5145794912	2498886788
c	107796455	5469962269	2480818450
s	95266529	53307970235	1399993439
s	93298495	52146012947	1347405940
s	91021442	50549548287	1347532742
s	83885634	46358893542	1189411939
s	75532890	41802526272	1162519246
s	72838857	40088179257	875761439
s	72042363	39624657710	45946995
s	54604737	29509890586	45922185
s	53594614	28960760417	45938686
s	53191718	28718902295	31504011
s	52410006	28346577051	31493898
s	48797986	26464756438	31497004
s	44525995	23840282449	31488373
s	29767879	16384831453	12686973
s	27221228	14196807819	12677824
s	20581093	10539041680	4181
s	13552368	6742686982	4346
s	9203673	4509372032	4237
s	8662493	4232260444	4520
