c	0	0	30036558565
c	1000000000	50886447290	15841411593
c	507399133	26226072167	8916454933
c	492600867	22217552181	8905785937
c	483938374	24371480466	8192055446
c	286122404	14110405564	7913652948
c	253700117	12473676352	4715778521
c	253699016	12236503062	4620418758
c	210589514	10034160979	4449377983
c	204901030	9726929616	4325234653
c	197815970	9658614003	4278452480
c	184319937	9329580270	4251587307
c	181657754	9062832651	2951574911
c	180821635	9576896692	2837022228
c	144221356	6602192386	2807058845
c	135017683	7156230119	2792227545
c	128411629	6251804460	2723817371
c	108818897	5025073421	2523939123
c	107796455	5445547989	2505976732
c	95266529	4835785970	1970044754
c	93298495	4713608772	1933534587
c	91021442	4356576930	1934304806
c	83885634	3985512201	1915667359
c	75532890	3855237800	1885985398
c	72838857	3693722323	1732448455
c	72042363	3483962722	1451663359
c	70070483	3200244265	1448446273
c	67708396	3347641495	1380288625
c	66900356	3392675664	1402640041
c	57528015	2899067462	1388430022
c	57412732	2904425042	1108979647
c	54604737	2525089922	1125109695
c	53964922	2498619671	1123924112
c	53594614	2560254085	1139120549
c	53191718	2678004752	1100267842
c	52562611	2504698634	1116219922
c	52410006	2431755796	1115880375
c	51457296	2332517105	1095392960
c	49933726	2421543624	982473230
c	48797986	2466358490	988431015
c	45616967	2254645757	988395007
c	45533440	2300172354	954367893
c	44525995	2216836845	959167353
c	43809233	2128781453	896563541
c	43403479	2017904495	870881118
c	40967190	1883232978	879467619
c	40036267	1955251299	861380023
c	39426935	1968836440	785799699
c	39007686	1916464590	783772361
c	38749426	1810539914	769781881
c	35770480	1822397970	776051290
c	35496623	1814637286	768615045
c	34802255	1709311603	764577505
c	34608609	1659997273	750264808
c	34509689	1636860994	754651597
c	32098101	1868039638	754479552
c	32030777	1524005432	763540044
c	31883109	1561164853	760209922
c	31336455	1531746182	716476503
c	29767879	1505934778	694351504
c	29712952	1409017854	659936363
c	29697859	1890410130	652531140
c	29492077	1488484094	641832802
c	29446108	1388830853	634235249
c	29435378	1462594648	590021504
c	28703841	1288128765	602638873
c	28321295	1354137076	597459581
c	28081907	1276141347	587773665
c	28011198	1334618665	592554389
c	27925041	1328897838	561854933
c	27900176	1379078603	553466805
c	27505684	1396621540	562328952
c	27221228	1256445662	561565322
c	26502894	1341061794	556490035
c	26265801	1283945335	559590848
c	26199158	1261960654	565291784
c	26076277	1302559160	505060303
c	25492190	1225387503	500515464
c	24797798	1157703076	492443895
c	24315572	1492990747	497218473
c	24121086	1166860220	499330274
c	23422584	1107029525	490166210
c	23305796	1061634539	505779611
c	23009322	1100195800	478670176
c	22729593	1252641592	480395707
c	22657611	1092414395	480870833
c	22648933	1108522095	485995197
c	22174956	1100867134	480003655
c	21784483	1003333630	474295568
c	21548838	1052887490	460364993
c	21160941	959449225	455643219
c	21125261	1039112194	448550425
c	21027315	1077241228	453663455
c	20813447	1310759584	448072399
c	20791041	1008961783	442655426
c	20685460	1001421900	418215541
c	20581093	980305935	417012455
c	20324860	1032640325	416999251
c	20321324	979842164	421807453
c	20261441	962995092	417136012
c	19992840	944837370	413973480
c	19971471	1192885794	417762466
c	19792282	952667831	411768080
c	19677420	910256916	412121446
c	19249451	882180816	407068859
c	19073615	927270104	404496450
c	18461991	915935579	382297815
c	18391918	872774003	381265149
c	18146005	907272721	380750344
c	18023101	898202874	386323765
c	17646432	882728301	375904423
c	17584662	783142183	381357664
c	17445125	814442472	381124440
c	16836347	784683421	381086158
c	16829599	791772110	376036645
c	16661253	822610847	370928191
c	16256128	824115032	376480394
c	16181780	793503284	376193358
c	16176037	816662134	351802195
c	16035053	770587864	353049558
c	16029650	776146626	326082362
c	15756373	812949252	331277592
c	15620410	896829626	336465895
c	15610638	757011018	325938909
c	15586876	748355066	326234910
c	15561986	787976439	325927798
c	15463618	776146747	304419471
c	15445620	729550796	303490188
c	15304035	730475200	307575597
c	15237318	740831550	305635548
c	15112243	727264160	306797120
c	14827581	721295828	310784993
c	14760984	695698359	310805448
c	14664496	731671327	310016225
c	14629631	815628695	286591882
c	14288576	652896173	283534150
c	14096281	836639720	284444278
c	13931013	648773127	286921698
c	13930486	667702850	284750967
c	13921719	660851529	279572612
c	13886193	651855529	279708611
c	13815151	669108848	282891886
c	13813185	658213133	290394252
c	13733858	692852944	278380946
c	13586099	673465883	284905990
c	13583965	626631280	274176461
c	13552368	674369780	284168673
c	13385455	614540833	274241416
c	13301916	625021983	278966398
c	13128151	657059100	273651424
c	12914991	645181201	278934514
c	12804001	639318484	273614223
c	12741885	581256291	278534130
c	12718380	622825782	273597979
c	12671864	616449082	274632945
c	12627424	596610789	274567266
c	12571881	623176321	269624495
c	12463206	625885281	269583263
c	12340732	622484444	269559574
c	12267980	574324843	274333668
c	12213550	685358907	273338215
c	12025069	566303451	263621103
c	12017301	560069727	268498196
c	12017300	560817902	278729888
c	11768159	643758378	260678643
c	11725806	556654860	265915608
c	11622881	571127212	255447104
c	11594803	553811286	250239744
c	11514781	699536850	258805798
c	11501894	587905375	252473101
c	11499508	535902686	248873795
c	11495458	559450371	244396583
c	11480778	529255416	251520544
c	11341122	577670497	241493996
c	11311704	532029468	256258153
c	11221383	559080869	239537240
c	11099871	547960530	246405265
c	11085168	680110311	246613516
c	11070786	525353046	239538649
c	10973387	550316666	240916397
c	10815547	541567059	236002415
c	10790413	493555421	235937965
c	10772065	509733169	240922792
c	10710937	500336165	241045549
c	10709970	532427013	244287345
c	10631269	522800531	228680841
c	10628960	484920589	228812547
c	10612659	502328017	229935367
c	10580484	481508531	219755522
c	10556576	479096302	219721417
c	10506791	503821209	215571638
c	10497577	480652816	220610915
c	10491357	518445218	210978402
c	10486683	503464620	211026883
c	10470739	518622402	210825643
c	10455051	475280606	205833929
c	10451088	505145619	209058094
c	10400303	477479944	203872658
c	10110265	491028078	209055300
c	10109458	496881329	197771568
c	10027413	483615710	197107578
s	9995937	4920164271	198208608
s	9975510	4875963780	199000479
s	9937297	5608082186	193860852
s	9864047	4826851601	176413688
s	9787617	4764548185	164336353
s	9626992	4718362479	164290695
s	9534447	4666230761	164297643
s	9389678	4560517730	164329315
s	9351808	4543055938	169445574
s	9290861	4513779230	164299039
s	9232410	4490292160	165447709
s	9203673	5071988277	164300623
s	9095269	4438490167	164327831
s	8842837	4289912731	145096994
s	8804314	4527891861	139332350
s	8794870	4267191959	139370110
s	8756206	4235741864	139418098
s	8698340	4231424822	139361243
s	8662493	4234410803	139428606
s	8641097	4195939494	144639205
s	8572598	4151880680	141955060
s	8559125	4167796286	126426559
s	8512074	4126416597	126464879
s	8460525	4105883245	127300095
s	8459101	4809668419	126590593
s	8437638	4118560612	126435352
s	8413427	4087087403	131758659
s	8380049	4056664397	131351087
s	8376510	4065439696	126475287
s	8364140	4039219380	126450098
s	8249577	4008051075	126589862
s	8210270	4018177118	124277910
s	8165177	3979604751	122320647
s	8153612	3946484337	109351479
s	8144856	3942819998	109390236
s	8091847	3926893240	114495176
s	8059854	3896565738	109363584
s	8030051	3885798615	109357955
s	7976094	3853848652	109386838
s	7926537	3827244233	109365696
s	7876079	3817788925	114163010
s	7829836	3765882117	114421587
s	7601839	3653146457	112002452
s	7427992	3902195107	107168574
s	7413340	3558405796	105074135
s	7325477	3537036748	105049215
s	7321619	3557096689	105040718
s	7321481	3507962474	97969432
s	7303839	3506124565	97967154
s	7257305	3465601409	93623546
s	7207554	3483441624	93666852
s	7100272	3391383830	99595960
s	7062057	3399655378	98614127
s	7033616	3366359654	93569671
s	7017472	3354186104	93562174
s	6920889	3298189423	93569399
s	6883040	3304187911	93557488
s	6839110	3268708864	87357186
s	6803047	3280008944	87437107
s	6793039	3246088026	87340678
s	6790387	3241282078	78660477
s	6763825	3252495189	72665236
s	6711016	3204355862	77827046
s	6703630	3216210407	68895861
s	6703131	3231071187	64755091
s	6642499	3692904367	59892681
s	6631224	3158757851	59903339
s	6621501	3177269812	59898494
s	6620781	3186784340	58395966
s	6477374	3240948273	55742039
s	6474654	3091064302	55724450
s	6406876	3036601818	55730292
s	6401751	3042237439	53672736
s	6316136	3275700039	51725641
s	6311990	2988497101	52760313
s	6239904	2973990402	47827992
s	6188394	2938236196	47830516
s	6182500	2941300741	47839625
s	6152422	2937123437	47930768
s	6150163	2924999606	47814639
s	6140558	2914718909	44069192
s	6139903	2924298889	44065719
s	6132019	2903395792	44059670
s	6100828	2889178329	44078442
s	6080769	2872356476	44081556
s	6004546	2841797535	44077689
s	5824312	2749587674	44067792
s	5821264	2753465552	44077376
s	5503706	2581324475	44871149
s	5474760	2785045299	44066980
s	5470843	2580959597	44074358
s	5420922	2546567715	42591361
s	5372801	2547349753	40944540
s	5353587	2527057810	40957803
s	5302791	2490279726	41058650
s	5241381	2465696349	40946899
s	5231856	2454229060	40950493
s	5209081	2451575398	40948444
s	5141587	2416714146	40948354
s	5071220	2386874432	39331912
s	5034668	2354738661	39329534
s	4960683	2329758522	37632515
s	4910750	2302354189	37623988
s	4863748	2271669590	37630755
s	4804958	2240731158	37616280
s	4699455	2182362578	37622504
s	4657251	2170103628	36240677
s	4655810	2171144127	33309598
s	4648310	2162304269	31918785
s	4626533	2146019013	31902261
s	4548872	2127395954	26308419
s	4541830	2110542900	26328136
s	4538481	2149201999	26313424
s	4491635	2083876226	26306778
s	4427278	2052046960	26310074
s	4388855	2037652176	26311799
s	4344101	2012105773	26381252
s	4301400	2057538614	21922459
s	4239737	1979335110	21923370
s	4130601	1908970309	21932860
s	4112416	1895615249	21921529
s	3988770	1836244446	16960402
s	3906923	1801490339	15812288
s	3867550	1778601149	14620552
s	3861070	1787628350	14618309
s	3787738	1737222957	14624852
s	3759871	1724127490	12324235
s	3727532	1708661884	8923429
s	3654425	1668472477	8920351
s	3593337	1638555619	8922417
s	3587699	1647975807	8927010
s	3535876	1616497027	8920823
s	3319071	1514490654	7829208
s	3316673	1520209379	6692527
s	3266705	1484866945	6695821
s	3249486	1481316075	5790556
s	3157165	1433682374	5787700
s	3130123	1422021628	3741809
s	3125611	1414795490	2913154
s	3101260	1430779103	2900980
s	3082031	1391485810	2899969
s	3076649	1392196904	2900848
s	3069819	1389441195	1957948
s	3052173	1381236474	1956685
s	2950154	1332169220	1958174
s	2925930	1328949218	1958535
s	2795971	1251714930	1958316
s	2649037	1183726746	1957625
s	2614073	1177602490	1955115
s	2580597	1161253583	1955813
s	2517159	1124483667	1958250
s	2504683	1118547389	1959183
s	2459047	1092866383	1957097
s	2420252	1086018224	1958275
s	2386809	1062345195	1957862
s	2362087	1052623551	1957987
s	2317727	1029364480	1957310
s	2143704	948831563	1957432
s	2135790	945517790	1956141
s	2122543	943256252	1956507
s	2080533	920233345	1954794
s	2073751	919531595	1955843
s	2020843	891508178	1955057
s	2020596	896010439	1291627
s	1959504	861869323	1292956
s	1868893	818241624	1290995
s	1834487	804929594	1291079
s	1816892	796251347	1290952
s	1716936	750084464	1292758
s	1695490	739041810	1290610
s	1644097	710816490	1290940
s	1642014	715394672	1291788
s	1592281	692284314	796993
s	1531415	665401562	796518
s	1523570	659159409	339501
s	1402311	604441020	340659
s	1402308	598182319	339636
s	1396550	603023074	339060
s	1371320	600636962	339471
s	1315099	562052355	341173
s	1245235	529417486	339137
s	1204768	510497695	338477
s	1163421	494652343	339309
s	1127012	475337733	339059
s	1099023	462107571	338918
s	1008151	423093998	2875
s	923409	384258848	2883
s	870625	362303926	2925
s	773640	320055080	2895
s	656863	266886535	2858
s	639815	259071185	2877
s	576223	232125195	2862
s	479541	190564001	2874
s	455814	180190186	2850
s	429613	169266614	3267
s	422498	166534738	2864
s	347494	134123099	2883
s	316375	121735277	2856
s	175836	64189141	2872
s	165795	61420661	2870
s	82907	28656300	2883
