c	0	0	30922908569
c	1000000000	51644673289	15558706076
c	507399133	25628346024	11479686004
c	492600867	22163094677	11391163558
c	483938374	24393626034	7829165152
c	286122404	14169962123	6591815898
c	253700117	12501292947	5627773342
c	253699016	12262323234	4948464067
c	210589514	10032961905	4531067502
c	204901030	9696286363	4255070848
c	197815970	9698374835	3732883437
c	184319937	9352623158	3460915404
c	181657754	9091584318	2972640298
c	180821635	8940914154	2615347985
c	144221356	6619513569	2512753225
c	135017683	6525364020	2361645233
c	128411629	6306714372	2165877445
c	108818897	5032051604	2043330594
c	107796455	5444326373	1928994158
c	95266529	5195010446	1822794264
c	93298495	4721469867	1778604077
c	91021442	4377500851	1672668772
c	83885634	3961512105	1637034708
c	75532890	3856446467	1517747227
c	72838857	3704612978	1403645657
c	72042363	3466917122	1309444526
c	70070483	3280229364	1307200802
c	67708396	3366097457	1234156360
c	66900356	3403398722	1204015952
c	57528015	2907737048	1200944410
c	57412732	2915162562	1155154704
c	54604737	2469317639	1148936132
c	53964922	2502427240	1143231562
c	53594614	2591280499	1106618556
c	53191718	2687208529	1078188880
c	52562611	2510064255	1062312721
c	52410006	2425892519	1054093529
c	51457296	2336574494	1053138084
c	49933726	2415583111	1045825855
c	48797986	2480830978	997979739
c	45616967	2259143775	973109375
c	45533440	2310562244	952133730
c	44525995	2226305011	925033876
c	43809233	2135737420	896967922
c	43403479	2020726182	872953293
c	40967190	1888028599	867880313
c	40036267	1960422908	844626303
c	39426935	1974426304	833459252
c	39007686	1921897847	792792315
c	38749426	1815496968	779129984
c	35770480	1828676114	758560759
c	35496623	1707650666	745943896
c	34802255	1706608964	742262772
c	34608609	1640358737	734538570
c	34509689	1635901942	730425438
c	32098101	1580397452	720228360
c	32030777	1528205071	717108803
c	31883109	1565014708	703896792
c	31336455	1537722781	697877158
c	29767879	1511649719	676866868
c	29712952	1412535147	667939775
c	29697859	1449127155	650157016
c	29492077	1492810404	622756355
c	29446108	1394424771	622905501
c	29435378	1470662875	610268001
c	28703841	1293728015	609395785
c	28321295	1362470192	601527296
c	28081907	1276423705	601788659
c	28011198	1328226764	590205288
c	27925041	1336334563	588567009
c	27900176	1385126589	580303159
c	27505684	1401192229	580204925
c	27221228	1259797060	570460170
c	26502894	1345550652	558163387
c	26265801	1285391876	545909449
c	26199158	1265911732	543802770
c	26076277	1307492041	528173126
c	25492190	1236870167	519021529
c	24797798	1161234654	518927188
c	24315572	1146438890	518005072
c	24121086	1166365470	511216396
c	23422584	1136712045	502580282
c	23305796	1055958528	502212008
c	23009322	1103349735	500550051
c	22729593	1070689394	493815075
c	22657611	1093989084	485174186
c	22648933	1109871753	475955071
c	22174956	1103228773	464737178
c	21784483	1005688410	464085268
c	21548838	1059414545	460308243
c	21160941	960873443	460173719
c	21125261	1045746313	447248954
c	21027315	1080300595	445172243
c	20813447	1018009799	442572957
c	20791041	1014884662	435489331
c	20685460	1008060078	434024835
c	20581093	982752060	426658219
c	20324860	1035452306	423599172
c	20321324	983529296	421594543
c	20261441	966784907	420079534
c	19992840	948194828	420320585
c	19971471	910791875	419517404
c	19792282	955708422	417468930
c	19677420	908430380	417028559
c	19249451	879443122	416695680
c	19073615	936138385	415035917
c	18461991	918944364	406250743
c	18391918	864035380	403255838
c	18146005	913033021	400452226
c	18023101	903282758	397257716
c	17646432	886575205	390840353
c	17584662	786086046	390342307
c	17445125	816749624	389778694
c	16836347	780318347	387841093
c	16829599	785720598	386645158
c	16661253	827508082	384074724
c	16256128	825005143	373476747
c	16181780	797478838	362229462
c	16176037	821166616	358178510
c	16035053	767137077	352380728
c	16029650	774791527	351206011
c	15756373	813893455	347207960
c	15620410	719794739	346629186
c	15610638	760898459	345145901
c	15586876	744286940	343238105
c	15561986	791439276	341191278
c	15463618	779328538	334418534
c	15445620	725315715	331145383
c	15304035	727765742	325262267
c	15237318	743532403	321430565
c	15112243	729286042	319020039
c	14827581	723281995	312712416
c	14760984	693728808	311230255
c	14664496	734741216	303911265
c	14629631	683849395	299501716
c	14288576	654378750	298497150
c	14096281	635040640	299746648
c	13931013	650736753	298064502
c	13930486	647494408	296868466
c	13921719	660198266	297630455
c	13886193	649757262	295774302
c	13815151	675890963	294568944
c	13813185	654541456	294668049
c	13733858	696087841	292713052
c	13586099	676942221	290057512
c	13583965	620725776	289895553
c	13552368	675399193	284705855
c	13385455	616067380	283951062
c	13301916	626722566	282194193
c	13128151	658797749	282245780
c	12914991	647155536	279854714
c	12804001	641488933	277782207
c	12741885	578909269	276057372
c	12718380	624645082	271101511
c	12671864	618145873	269483515
c	12627424	599684915	268450443
c	12571881	624443630	263838360
c	12463206	625030787	263844237
c	12340732	626030255	263848852
c	12267980	572161563	263488562
c	12213550	601260634	260343842
c	12025069	566929173	259643086
c	12017301	560097738	259563217
c	12017300	561711706	258636322
c	11768159	558295791	253756380
c	11725806	557131440	251874528
c	11622881	572165052	249352358
c	11594803	550865008	247936404
c	11514781	522807131	247969291
c	11501894	525510172	247748891
c	11499508	535807797	243733623
c	11495458	556250427	243861615
c	11480778	529957935	241077793
c	11341122	575105566	241064512
c	11311704	534564486	240206901
c	11221383	560913488	234243634
c	11099871	549058263	229925796
c	11085168	527553325	230097331
c	11070786	526924887	227631116
c	10973387	551867257	227594818
c	10815547	545123715	226543632
c	10790413	495044220	226251196
c	10772065	510705393	223258151
c	10710937	501796313	223168076
c	10709970	534512170	220846840
c	10631269	524623780	219148334
c	10628960	485539693	218772444
c	10612659	504304532	218076764
c	10580484	476938292	218117506
c	10556576	479748462	217538255
c	10506791	506498454	217550901
c	10497577	480081385	217184308
c	10491357	520540189	212564862
c	10486683	506628606	212533002
c	10470739	531612408	212559307
c	10455051	471980249	212380448
c	10451088	507258554	211056016
c	10400303	478959249	209915527
c	10110265	492577041	208027010
c	10109458	496032306	208090634
c	10027413	486029335	206950090
s	9995937	4958387307	200740117
s	9975510	4904092479	197624232
s	9937297	4894549572	195199811
s	9864047	4866173854	188706823
s	9787617	4800705504	188674579
s	9626992	4757096611	185826482
s	9534447	4702923843	185499565
s	9389678	4598742101	185483735
s	9351808	4614921377	182678905
s	9290861	4548903167	179513458
s	9232410	4519563860	177360207
s	9203673	4548409858	171790177
s	9095269	4460705003	169472699
s	8842837	4317223985	165798753
s	8804314	4301147821	163081105
s	8794870	4301260188	160512120
s	8756206	4269955637	155016257
s	8698340	4275051185	149761623
s	8662493	4267941874	149712850
s	8641097	4221926902	147031430
s	8572598	4182839307	144512030
s	8559125	4198457742	141606519
s	8512074	4155644897	139171152
s	8460525	4131047692	136375899
s	8459101	4207482456	131139905
s	8437638	4147868448	128817308
s	8413427	4116975298	128809977
s	8380049	4086235871	123442679
s	8376510	4089895934	118517657
s	8364140	4066875548	118483365
s	8249577	4037073447	113001308
s	8210270	4011745684	108206661
s	8165177	4008471685	105643566
s	8153612	3978929872	102941561
s	8144856	3976845704	103154321
s	8091847	3962774606	102952094
s	8059854	3924025801	100202579
s	8030051	3913054199	100213170
s	7976094	3878002495	97730302
s	7926537	3858555497	92974853
s	7876079	3851720756	88340372
s	7829836	3796269292	88343049
s	7601839	3680546457	88352427
s	7427992	3586342186	88372991
s	7413340	3582572000	86111515
s	7325477	3567365777	84054677
s	7321619	3587675852	84038633
s	7321481	3533132021	84039010
s	7303839	3532164142	84053059
s	7257305	3493974761	84080624
s	7207554	3510989758	84053487
s	7100272	3415161243	84022914
s	7062057	3425680482	82169166
s	7033616	3392482506	82165717
s	7017472	3382567996	80022010
s	6920889	3321018642	80064614
s	6883040	3324831242	80066018
s	6839110	3282193594	76380627
s	6803047	3304963397	76346542
s	6793039	3269904900	76563984
s	6790387	3268897423	76353885
s	6763825	3279409113	72230087
s	6711016	3229641079	66212440
s	6703630	3234952662	64280428
s	6703131	3213493761	62170833
s	6642499	3192634424	60182977
s	6631224	3182394818	58245684
s	6621501	3201800878	58240532
s	6620781	3212229655	54284358
s	6477374	3114798687	54289946
s	6474654	3113613934	52079903
s	6406876	3058086057	52077866
s	6401751	3070389645	52069308
s	6316136	3028044408	52082429
s	6311990	3015816934	52131617
s	6239904	2999261949	52055806
s	6188394	2959308022	52052070
s	6182500	2960782730	49973642
s	6152422	2959614608	46197062
s	6150163	2948209388	46205928
s	6140558	2937198925	46211937
s	6139903	2949161294	44241180
s	6132019	2927025601	42284719
s	6100828	2909761651	42267691
s	6080769	2894588857	42309554
s	6004546	2867933127	42318823
s	5824312	2768512436	42285308
s	5821264	2773024082	40269080
s	5503706	2599654399	40275795
s	5474760	2599379406	38649037
s	5470843	2599351693	33628731
s	5420922	2565327511	33634995
s	5372801	2544597784	33636629
s	5353587	2547551185	31875255
s	5302791	2507766201	30321193
s	5241381	2482349735	30302248
s	5231856	2476594735	30302141
s	5209081	2471357073	30315444
s	5141587	2444231569	30338864
s	5071220	2404788608	25911259
s	5034668	2372524639	24247434
s	4960683	2347337797	24251050
s	4910750	2321165625	24250873
s	4863748	2289017373	24254910
s	4804958	2262471152	24317253
s	4699455	2201559128	24247457
s	4657251	2188161067	24249203
s	4655810	2187169175	24256460
s	4648310	2179272067	24259462
s	4626533	2160111574	21490327
s	4548872	2147340617	21490918
s	4541830	2128267190	18472636
s	4538481	2154197306	18468248
s	4491635	2100095641	17074942
s	4427278	2067702901	15742357
s	4388855	2051749908	15754039
s	4344101	2028306108	15757448
s	4301400	2017249416	14487132
s	4239737	1992416144	13151920
s	4130601	1922394158	13133751
s	4112416	1909708164	13130075
s	3988770	1852171397	13133318
s	3906923	1815424799	11950067
s	3867550	1797755689	12008946
s	3861070	1800811077	11949032
s	3787738	1752450447	11942999
s	3759871	1737367310	11945332
s	3727532	1720258824	10726157
s	3654425	1682219560	9515830
s	3593337	1664391201	9510819
s	3587699	1659054281	9511586
s	3535876	1628143166	8347921
s	3319071	1521643688	8336391
s	3316673	1531720307	7204167
s	3266705	1494818028	7205063
s	3249486	1494085419	7207650
s	3157165	1444992208	7206782
s	3130123	1430964769	7205936
s	3125611	1426033099	7208381
s	3101260	1421447609	6305335
s	3082031	1402454710	6312250
s	3076649	1402805503	5478738
s	3069819	1400364834	4482052
s	3052173	1393107229	3432958
s	2950154	1343022564	3431082
s	2925930	1338733194	2467408
s	2795971	1262262093	1585827
s	2649037	1192528725	723829
s	2614073	1186874711	724612
s	2580597	1169322078	723475
s	2517159	1134325888	724139
s	2504683	1125879570	724502
s	2459047	1101149826	723972
s	2420252	1094661048	724143
s	2386809	1069360386	723255
s	2362087	1061133708	723812
s	2317727	1036647268	723557
s	2143704	956788906	725383
s	2135790	953555152	725823
s	2122543	949828673	726758
s	2080533	930064577	723692
s	2073751	928264978	726102
s	2020843	898511342	723186
s	2020596	902059135	723651
s	1959504	869219076	723233
s	1868893	823927822	723080
s	1834487	808987738	722524
s	1816892	801370347	722677
s	1716936	755296194	722858
s	1695490	746241333	724377
s	1644097	717344065	723524
s	1642014	720547127	722450
s	1592281	698664691	722395
s	1531415	670343077	723213
s	1523570	664172523	722364
s	1402311	609052941	721956
s	1402308	603446080	721774
s	1396550	608080853	720631
s	1371320	605327379	335577
s	1315099	565758916	334640
s	1245235	533028320	334300
s	1204768	516646324	334541
s	1163421	499118120	334815
s	1127012	478497458	333605
s	1099023	465484379	334650
s	1008151	426778305	3205
s	923409	387529226	2907
s	870625	365742125	2878
s	773640	322849567	2985
s	656863	269010987	2925
s	639815	260712433	2860
s	576223	234025270	2960
s	479541	192293983	2897
s	455814	181478545	2949
s	429613	170856562	2853
s	422498	167820225	2862
s	347494	135537242	2939
s	316375	122902135	2895
s	175836	64951944	2862
s	165795	61775149	2865
s	82907	28793309	2889
