c	0	0	31032811200
c	1000000000	48422080800	19395507000
c	750000000	36316560600	12849523387
c	562500000	27237420450	9167407605
c	421875000	20428065337	7096217478
c	316406250	15321049003	5931173026
c	250000000	12105520200	5203841514
c	237304687	11490786728	4548504013
c	187500000	9079140150	4139380037
c	187500000	9079140150	3730256062
c	177978515	8618090033	3361628718
c	140625000	6809355112	3131496482
c	140625000	6809355112	2901364246
c	140625000	6809355112	2671232009
c	133483886	6463567513	2463879128
c	105468750	5107016334	2334429744
c	105468750	5107016334	2204980359
c	105468750	5107016334	2075530974
c	105468750	5107016334	1946081590
c	100112914	4847675610	1829445595
s	79101563	44722396585	1635271735
s	79101562	44722395988	1441097880
s	79101562	44722395988	1246924025
s	79101562	44722395988	1052750170
s	79101562	44722395988	858576315
s	75084685	42329684280	683622533
s	62500000	34878505019	562400784
s	59326172	33011210864	453178027
s	46875000	25739649985	384990822
s	46875000	25739649985	316803618
s	44494629	24360468329	255365845
s	35156250	18990315904	217010565
s	35156250	18990315904	178655284
s	35156250	18990315904	140300004
s	33370972	17971896525	105741277
s	26367188	14006921021	84166447
s	26367188	14006921021	62591617
s	26367188	14006921021	41016787
s	26367188	14006921021	19441957
s	25028229	13255081244	2688
