c	0	0	31032811200
c	1000000000	48422080800	19395507000
c	750000000	36316560600	12849523387
c	562500000	27237420450	9167407605
c	421875000	20428065337	7096217478
c	316406250	15321049003	5931173026
c	250000000	12105520200	5203841514
c	237304687	11490786728	4548504013
c	187500000	9079140150	4139380037
c	187500000	9079140150	3730256062
c	177978515	8618090033	3361628718
c	140625000	6809355112	3131496482
c	140625000	6809355112	2901364246
c	140625000	6809355112	2671232009
c	133483886	6463567513	2463879128
c	105468750	5107016334	2334429744
c	105468750	5107016334	2204980359
c	105468750	5107016334	2075530974
c	105468750	5107016334	1946081590
c	100112914	4847675610	1829445595
c	79101563	3830262274	1756630315
c	79101562	3830262226	1683815037
c	79101562	3830262226	1610999759
c	79101562	3830262226	1538184481
c	79101562	3830262226	1465369203
c	75084685	3635756683	1399761455
c	62500000	3026380050	1354303236
c	59326172	2872696694	1313344642
c	59326172	2872696694	1272386048
c	59326171	2872696645	1231427455
c	59326171	2872696645	1190468862
c	59326171	2872696645	1149510269
c	59326171	2872696645	1108551676
c	56313513	2726817476	1071647319
c	46875000	2269785037	1046077070
c	46875000	2269785037	1020506822
c	46875000	2269785037	994936573
c	44494629	2154522520	971897363
c	44494629	2154522520	948858153
c	44494629	2154522520	925818943
c	44494628	2154522472	902779735
c	44494628	2154522472	879740526
c	44494628	2154522472	856701318
c	44494628	2154522472	833662110
c	42235134	2045113071	812903410
c	35156250	1702338778	798520145
c	35156250	1702338778	784136880
c	35156250	1702338778	769753614
c	35156250	1702338778	755370349
c	35156250	1702338778	740987084
c	35156250	1702338778	726603818
c	33370972	1615891902	713644263
c	33370971	1615891854	700684708
c	33370971	1615891854	687725153
c	33370971	1615891854	674765599
c	33370971	1615891854	661806044
c	33370971	1615891854	648846489
c	33370971	1615891854	635886934
c	33370971	1615891854	622927379
c	31676350	1533834779	611250611
c	26367188	1276754107	603160024
c	26367188	1276754107	595069437
c	26367188	1276754107	586978851
c	26367188	1276754107	578888264
c	26367187	1276754059	570797677
c	26367187	1276754059	562707091
c	26367187	1276754059	554616505
c	26367187	1276754059	546525918
c	26367187	1276754059	538435332
c	26367187	1276754059	530344746
c	25028229	1211918926	523054995
c	25028229	1211918926	515765245
c	25028228	1211918878	508475496
c	25028228	1211918878	501185746
c	25028228	1211918878	493895997
c	25028228	1211918878	486606248
c	25028228	1211918878	479316498
c	25028228	1211918878	472026749
c	25028228	1211918878	464737000
c	23757262	1150376060	458168818
c	19775391	957565580	453617863
c	19775391	957565580	449066907
c	19775391	957565580	444515952
c	19775391	957565580	439964997
c	19775391	957565580	435414042
c	19775391	957565580	430863087
c	19775391	957565580	426312131
c	19775391	957565580	421761176
c	19775391	957565580	417210221
c	19775390	957565532	412659266
c	19775390	957565532	408108311
c	19775390	957565532	403557356
c	19775390	957565532	399006401
c	19775390	957565532	394455447
c	19775390	957565532	389904492
c	18771172	908939207	385804007
c	18771171	908939158	381703523
c	18771171	908939158	377603039
c	18771171	908939158	373502555
c	18771171	908939158	369402071
c	18771171	908939158	365301587
c	18771171	908939158	361201103
c	18771171	908939158	357100618
c	18771171	908939158	353000134
c	18771171	908939158	348899650
c	17817946	862782020	345205048
c	15625000	756595012	342363909
c	14831543	718174173	339803997
c	14831543	718174173	337244085
c	14831543	718174173	334684172
c	14831543	718174173	332124260
c	14831543	718174173	329564348
c	14831543	718174173	327004436
c	14831543	718174173	324444523
c	14831543	718174173	321884611
c	14831543	718174173	319324699
c	14831543	718174173	316764787
c	14831543	718174173	314204875
c	14831543	718174173	311644962
c	14831543	718174173	309085050
c	14831543	718174173	306525138
c	14831543	718174173	303965226
c	14831542	718174125	301405314
c	14831542	718174125	298845402
c	14831542	718174125	296285490
c	14831542	718174125	293725578
c	14831542	718174125	291165665
c	14831542	718174125	288605753
c	14078379	681704405	286299231
c	14078379	681704405	283992708
c	14078378	681704357	281686186
c	14078378	681704357	279379664
c	14078378	681704357	277073141
c	14078378	681704357	274766619
c	14078378	681704357	272460096
c	14078378	681704357	270153574
c	14078378	681704357	267847052
c	14078378	681704357	265540529
c	14078378	681704357	263234007
c	13363459	647086491	261155793
c	11718750	567446259	259557653
c	11718750	567446259	257959512
c	11718750	567446259	256361371
c	11718750	567446259	254763231
c	11123658	538630666	253323280
c	11123658	538630666	251883329
c	11123658	538630666	250443378
c	11123657	538630618	249003427
c	11123657	538630618	247563476
c	11123657	538630618	246123525
c	11123657	538630618	244683575
c	11123657	538630618	243243624
c	11123657	538630618	241803673
c	11123657	538630618	240363722
c	11123657	538630618	238923772
c	11123657	538630618	237483821
c	11123657	538630618	236043870
c	11123657	538630618	234603919
c	11123657	538630618	233163969
c	11123657	538630618	231724018
c	11123657	538630618	230284067
c	11123657	538630618	228844116
c	11123657	538630618	227404165
c	11123657	538630618	225964215
c	11123657	538630618	224524264
c	11123657	538630618	223084313
c	11123656	538630569	221644363
c	11123656	538630569	220204413
c	11123656	538630569	218764462
c	11123656	538630569	217324512
c	11123656	538630569	215884562
c	11123656	538630569	214444612
c	10558784	511278291	213147193
c	10558784	511278291	211849774
c	10558784	511278291	210552355
c	10558783	511278243	209254937
c	10558783	511278243	207957518
c	10558783	511278243	206660099
c	10558783	511278243	205362681
c	10558783	511278243	204065262
c	10558783	511278243	202767843
c	10558783	511278243	201470425
c	10558783	511278243	200173006
c	10558783	511278243	198875587
c	10022594	485314856	197706592
c	8789063	425584718	196807638
c	8789063	425584718	195908684
c	8789063	425584718	195009729
c	8789063	425584718	194110775
c	8789063	425584718	193211821
c	8789063	425584718	192312867
c	8789062	425584670	191413913
c	8789062	425584670	190514959
c	8789062	425584670	189616004
c	8789062	425584670	188717050
c	8342743	403972975	187907078
c	8342743	403972975	187097106
c	8342743	403972975	186287134
c	8342743	403972975	185477161
c	8342743	403972975	184667189
c	8342743	403972975	183857217
c	8342743	403972975	183047244
c	8342743	403972975	182237272
c	8342743	403972975	181427300
c	8342743	403972975	180617328
c	8342743	403972975	179807355
c	8342742	403972927	178997383
c	8342742	403972927	178187411
c	8342742	403972927	177377439
c	8342742	403972927	176567467
c	8342742	403972927	175757495
c	8342742	403972927	174947522
c	8342742	403972927	174137550
c	8342742	403972927	173327578
c	8342742	403972927	172517606
c	8342742	403972927	171707634
c	8342742	403972927	170897662
c	8342742	403972927	170087690
c	8342742	403972927	169277717
c	8342742	403972927	168467745
c	8342742	403972927	167657773
c	8342742	403972927	166847801
c	8342742	403972927	166037829
c	8342742	403972927	165227857
c	8342742	403972927	164417885
c	8342742	403972927	163607912
c	8342742	403972927	162797940
c	8342742	403972927	161987968
c	8342742	403972927	161177996
c	8342742	403972927	160368024
c	8342742	403972927	159558052
c	7919088	383458718	158828254
c	7919088	383458718	158098456
c	7919088	383458718	157368657
c	7919088	383458718	156638859
c	7919087	383458670	155909061
c	7919087	383458670	155179263
c	7919087	383458670	154449465
c	7919087	383458670	153719667
c	7919087	383458670	152989870
c	7919087	383458670	152260072
c	7919087	383458670	151530274
c	7919087	383458670	150800476
c	7919087	383458670	150070678
c	7516945	363986118	149413118
c	6591797	319188526	148907456
c	6591797	319188526	148401794
c	6591797	319188526	147896132
c	6591797	319188526	147390471
c	6591797	319188526	146884809
c	6591797	319188526	146379147
c	6591797	319188526	145873485
c	6591797	319188526	145367823
c	6591797	319188526	144862161
c	6591797	319188526	144356500
c	6591797	319188526	143850838
c	6591797	319188526	143345176
c	6591797	319188526	142839514
c	6591797	319188526	142333852
c	6591797	319188526	141828190
c	6591797	319188526	141322529
c	6591796	319188478	140816867
c	6591796	319188478	140311206
c	6591796	319188478	139805544
c	6591796	319188478	139299883
c	6257058	302979768	138844273
c	6257058	302979768	138388663
c	6257057	302979719	137933054
c	6257057	302979719	137477444
c	6257057	302979719	137021835
c	6257057	302979719	136566226
c	6257057	302979719	136110616
c	6257057	302979719	135655007
c	6257057	302979719	135199397
c	6257057	302979719	134743788
c	6257057	302979719	134288178
c	6257057	302979719	133832569
c	6257057	302979719	133376959
c	6257057	302979719	132921350
c	6257057	302979719	132465740
c	6257057	302979719	132010131
c	6257057	302979719	131554521
c	6257057	302979719	131098912
c	6257057	302979719	130643302
c	6257057	302979719	130187693
c	6257056	302979671	129732084
c	6257056	302979671	129276474
c	6257056	302979671	128820865
c	6257056	302979671	128365256
c	6257056	302979671	127909647
c	6257056	302979671	127454038
c	6257056	302979671	126998429
c	6257056	302979671	126542819
c	6257056	302979671	126087210
c	6257056	302979671	125631601
c	6257056	302979671	125175992
c	6257056	302979671	124720383
c	6257056	302979671	124264773
c	6257056	302979671	123809164
c	6257056	302979671	123353555
c	6257056	302979671	122897946
c	6257056	302979671	122442337
c	6257056	302979671	121986728
c	6257056	302979671	121531118
c	6257056	302979671	121075509
c	6257056	302979671	120619900
c	6257056	302979671	120164291
c	6257056	302979671	119708682
c	6257056	302979671	119253072
c	6257056	302979671	118797463
c	5939316	287594039	118386952
c	5939316	287594039	117976440
c	5939316	287594039	117565929
c	5939316	287594039	117155418
c	5939316	287594039	116744906
c	5939315	287593990	116334395
c	5939315	287593990	115923883
c	5939315	287593990	115513372
c	5939315	287593990	115102861
c	5939315	287593990	114692349
c	5939315	287593990	114281838
c	5939315	287593990	113871327
c	5939315	287593990	113460815
c	5939315	287593990	113050304
c	5637708	272989552	112680427
c	4943848	239391407	112395992
c	4943848	239391407	112111557
c	4943848	239391407	111827123
c	4943848	239391407	111542688
c	4943848	239391407	111258253
c	4943848	239391407	110973819
c	4943848	239391407	110689384
c	4943848	239391407	110404949
c	4943848	239391407	110120514
c	4943848	239391407	109836080
c	4943848	239391407	109551645
c	4943848	239391407	109267210
c	4943848	239391407	108982776
c	4943848	239391407	108698341
c	4943848	239391407	108413906
c	4943847	239391358	108129471
c	4943847	239391358	107845037
c	4943847	239391358	107560602
c	4943847	239391358	107276168
c	4943847	239391358	106991733
c	4943847	239391358	106707298
c	4943847	239391358	106422864
c	4943847	239391358	106138429
c	4943847	239391358	105853994
c	4943847	239391358	105569560
c	4943847	239391358	105285125
c	4943847	239391358	105000690
c	4943847	239391358	104716256
c	4943847	239391358	104431821
c	4943847	239391358	104147386
c	4943847	239391358	103862952
c	4943847	239391358	103578517
c	4943847	239391358	103294083
c	4943847	239391358	103009648
c	4943847	239391358	102725213
c	4692793	227234801	102468933
c	4692793	227234801	102212652
c	4692793	227234801	101956372
c	4692793	227234801	101700092
c	4692793	227234801	101443811
c	4692793	227234801	101187531
c	4692793	227234801	100931251
c	4692793	227234801	100674970
c	4692793	227234801	100418690
c	4692793	227234801	100162409
c	4692793	227234801	99906129
c	4692793	227234801	99649849
c	4692792	227234753	99393568
c	4692792	227234753	99137288
c	4692792	227234753	98881008
c	4692792	227234753	98624728
c	4692792	227234753	98368448
c	4692792	227234753	98112168
c	4692792	227234753	97855887
c	4692792	227234753	97599607
c	4692792	227234753	97343327
c	4692792	227234753	97087047
c	4692792	227234753	96830767
c	4692792	227234753	96574487
c	4692792	227234753	96318206
c	4692792	227234753	96061926
c	4692792	227234753	95805646
c	4692792	227234753	95549366
c	4692792	227234753	95293086
c	4692792	227234753	95036806
c	4692792	227234753	94780525
c	4692792	227234753	94524245
c	4692792	227234753	94267965
c	4692792	227234753	94011685
c	4692792	227234753	93755405
c	4692792	227234753	93499125
c	4692792	227234753	93242844
c	4692792	227234753	92986564
c	4692792	227234753	92730284
c	4692792	227234753	92474004
c	4692792	227234753	92217724
c	4692792	227234753	91961444
c	4692792	227234753	91705163
c	4692792	227234753	91448883
c	4692792	227234753	91192603
c	4692792	227234753	90936323
c	4692792	227234753	90680043
c	4692792	227234753	90423763
c	4692792	227234753	90167482
c	4692792	227234753	89911202
c	4692792	227234753	89654922
c	4692792	227234753	89398642
c	4692792	227234753	89142362
c	4692792	227234753	88886082
c	4692792	227234753	88629801
c	4454487	215695529	88398889
c	4454487	215695529	88167976
c	4454487	215695529	87937063
c	4454487	215695529	87706151
c	4454487	215695529	87475238
c	4454487	215695529	87244325
c	4454486	215695481	87013413
c	4454486	215695481	86782500
c	4454486	215695481	86551587
c	4454486	215695481	86320675
c	4454486	215695481	86089762
c	4454486	215695481	85858849
c	4454486	215695481	85627937
c	4454486	215695481	85397024
c	4454486	215695481	85166111
c	4228281	204742164	84958055
c	3906250	189148753	84780484
c	3707886	179543555	84620490
c	3707886	179543555	84460495
c	3707886	179543555	84300500
c	3707886	179543555	84140506
c	3707886	179543555	83980511
c	3707886	179543555	83820517
c	3707886	179543555	83660522
c	3707886	179543555	83500527
c	3707886	179543555	83340533
c	3707886	179543555	83180538
c	3707886	179543555	83020544
c	3707886	179543555	82860549
c	3707886	179543555	82700555
c	3707886	179543555	82540560
c	3707886	179543555	82380565
c	3707886	179543555	82220571
c	3707886	179543555	82060576
c	3707886	179543555	81900582
c	3707886	179543555	81740587
c	3707886	179543555	81580592
c	3707886	179543555	81420598
c	3707886	179543555	81260603
c	3707886	179543555	81100609
c	3707886	179543555	80940614
c	3707886	179543555	80780619
c	3707886	179543555	80620625
c	3707886	179543555	80460630
c	3707886	179543555	80300636
c	3707886	179543555	80140641
c	3707886	179543555	79980647
c	3707886	179543555	79820652
c	3707886	179543555	79660657
c	3707886	179543555	79500663
c	3707886	179543555	79340668
c	3707886	179543555	79180674
c	3707886	179543555	79020679
c	3707885	179543507	78860685
c	3707885	179543507	78700690
c	3707885	179543507	78540695
c	3707885	179543507	78380701
c	3707885	179543507	78220706
c	3707885	179543507	78060712
c	3707885	179543507	77900717
c	3707885	179543507	77740723
c	3707885	179543507	77580728
c	3707885	179543507	77420734
c	3707885	179543507	77260739
c	3707885	179543507	77100745
c	3707885	179543507	76940750
c	3707885	179543507	76780756
c	3707885	179543507	76620761
c	3707885	179543507	76460767
c	3707885	179543507	76300772
c	3707885	179543507	76140778
c	3707885	179543507	75980783
c	3707885	179543507	75820788
c	3519595	170426113	75676631
c	3519595	170426113	75532473
c	3519595	170426113	75388315
c	3519595	170426113	75244158
c	3519595	170426113	75100000
c	3519595	170426113	74955842
c	3519595	170426113	74811685
c	3519595	170426113	74667527
c	3519595	170426113	74523369
c	3519595	170426113	74379211
c	3519595	170426113	74235054
c	3519594	170426065	74090896
c	3519594	170426065	73946738
c	3519594	170426065	73802581
c	3519594	170426065	73658423
c	3519594	170426065	73514265
c	3519594	170426065	73370108
c	3519594	170426065	73225950
c	3519594	170426065	73081793
c	3519594	170426065	72937635
c	3519594	170426065	72793477
c	3519594	170426065	72649320
c	3519594	170426065	72505162
c	3519594	170426065	72361004
c	3519594	170426065	72216847
c	3519594	170426065	72072689
c	3519594	170426065	71928531
c	3519594	170426065	71784374
c	3519594	170426065	71640216
c	3519594	170426065	71496058
c	3519594	170426065	71351901
c	3519594	170426065	71207743
c	3519594	170426065	71063585
c	3519594	170426065	70919428
c	3519594	170426065	70775270
c	3519594	170426065	70631113
c	3519594	170426065	70486955
c	3519594	170426065	70342797
c	3519594	170426065	70198640
c	3519594	170426065	70054482
c	3519594	170426065	69910324
c	3519594	170426065	69766167
c	3519594	170426065	69622009
c	3519594	170426065	69477851
c	3519594	170426065	69333694
c	3519594	170426065	69189536
c	3519594	170426065	69045378
c	3519594	170426065	68901221
c	3519594	170426065	68757063
c	3519594	170426065	68612905
c	3519594	170426065	68468748
c	3519594	170426065	68324590
c	3519594	170426065	68180432
c	3519594	170426065	68036275
c	3519594	170426065	67892117
c	3519594	170426065	67747960
c	3519594	170426065	67603802
c	3519594	170426065	67459644
c	3519594	170426065	67315487
c	3519594	170426065	67171329
c	3519594	170426065	67027171
c	3519594	170426065	66883014
c	3519594	170426065	66738856
c	3519594	170426065	66594698
c	3519594	170426065	66450541
c	3519594	170426065	66306383
c	3340865	161771634	66176495
c	3340865	161771634	66046606
c	3340865	161771634	65916718
c	3340865	161771634	65786829
c	3340865	161771634	65656941
c	3340865	161771634	65527052
c	3340865	161771634	65397164
c	3340864	161771586	65267276
c	3340864	161771586	65137387
c	3340864	161771586	65007499
c	3340864	161771586	64877611
c	3340864	161771586	64747723
c	3340864	161771586	64617834
c	3340864	161771586	64487946
c	3340864	161771586	64358058
c	3340864	161771586	64228169
c	3171210	153556586	64111138
c	2929688	141861589	64011254
c	2929688	141861589	63911370
c	2929688	141861589	63811487
c	2929688	141861589	63711603
c	2929687	141861540	63611719
c	2780915	134657690	63521722
c	2780915	134657690	63431725
c	2780915	134657690	63341728
c	2780915	134657690	63251731
c	2780915	134657690	63161734
c	2780915	134657690	63071737
c	2780915	134657690	62981740
c	2780915	134657690	62891743
c	2780915	134657690	62801746
c	2780915	134657690	62711749
c	2780915	134657690	62621752
c	2780915	134657690	62531755
c	2780915	134657690	62441758
c	2780915	134657690	62351761
c	2780915	134657690	62261764
c	2780915	134657690	62171767
c	2780915	134657690	62081770
c	2780915	134657690	61991773
c	2780915	134657690	61901776
c	2780915	134657690	61811779
c	2780915	134657690	61721782
c	2780915	134657690	61631785
c	2780914	134657642	61541789
c	2780914	134657642	61451792
c	2780914	134657642	61361795
c	2780914	134657642	61271798
c	2780914	134657642	61181801
c	2780914	134657642	61091804
c	2780914	134657642	61001807
c	2780914	134657642	60911810
c	2780914	134657642	60821813
c	2780914	134657642	60731816
c	2780914	134657642	60641819
c	2780914	134657642	60551822
c	2780914	134657642	60461825
c	2780914	134657642	60371828
c	2780914	134657642	60281831
c	2780914	134657642	60191835
c	2780914	134657642	60101838
c	2780914	134657642	60011841
c	2780914	134657642	59921844
c	2780914	134657642	59831847
c	2780914	134657642	59741850
c	2780914	134657642	59651853
c	2780914	134657642	59561856
c	2780914	134657642	59471859
c	2780914	134657642	59381862
c	2780914	134657642	59291865
c	2780914	134657642	59201868
c	2780914	134657642	59111871
c	2780914	134657642	59021874
c	2780914	134657642	58931877
c	2780914	134657642	58841881
c	2780914	134657642	58751884
c	2780914	134657642	58661887
c	2780914	134657642	58571890
c	2780914	134657642	58481893
c	2780914	134657642	58391896
c	2780914	134657642	58301899
c	2780914	134657642	58211902
c	2780914	134657642	58121905
c	2780914	134657642	58031908
c	2780914	134657642	57941911
c	2780914	134657642	57851914
c	2780913	134657593	57761917
c	2780913	134657593	57671920
c	2780913	134657593	57581924
c	2780913	134657593	57491927
c	2780913	134657593	57401930
c	2780913	134657593	57311933
c	2780913	134657593	57221936
c	2780913	134657593	57131939
c	2780913	134657593	57041942
c	2780913	134657593	56951945
c	2780913	134657593	56861948
c	2780913	134657593	56771952
c	2780913	134657593	56681955
c	2780913	134657593	56591958
c	2780913	134657593	56501961
c	2780913	134657593	56411964
c	2780913	134657593	56321967
c	2780913	134657593	56231970
c	2780913	134657593	56141973
c	2780913	134657593	56051976
c	2639696	127819572	55970888
c	2639696	127819572	55889799
c	2639696	127819572	55808710
c	2639696	127819572	55727622
c	2639696	127819572	55646533
c	2639696	127819572	55565444
c	2639696	127819572	55484356
c	2639696	127819572	55403267
c	2639696	127819572	55322178
c	2639696	127819572	55241090
c	2639696	127819572	55160001
c	2639696	127819572	55078912
c	2639696	127819572	54997824
c	2639696	127819572	54916735
c	2639696	127819572	54835646
c	2639696	127819572	54754558
c	2639696	127819572	54673469
c	2639696	127819572	54592380
c	2639696	127819572	54511292
c	2639696	127819572	54430203
c	2639696	127819572	54349114
c	2639696	127819572	54268026
c	2639696	127819572	54186937
c	2639695	127819524	54105848
c	2639695	127819524	54024760
c	2639695	127819524	53943671
c	2639695	127819524	53862582
c	2639695	127819524	53781494
c	2639695	127819524	53700405
c	2639695	127819524	53619316
c	2639695	127819524	53538228
c	2639695	127819524	53457139
c	2639695	127819524	53376050
c	2639695	127819524	53294962
c	2639695	127819524	53213873
c	2639695	127819524	53132785
c	2639695	127819524	53051696
c	2639695	127819524	52970607
c	2639695	127819524	52889519
c	2639695	127819524	52808430
c	2639695	127819524	52727341
c	2639695	127819524	52646253
c	2639695	127819524	52565164
c	2639695	127819524	52484075
c	2639695	127819524	52402987
c	2639695	127819524	52321898
c	2639695	127819524	52240810
c	2639695	127819524	52159721
c	2639695	127819524	52078632
c	2639695	127819524	51997544
c	2639695	127819524	51916455
c	2639695	127819524	51835366
c	2639695	127819524	51754278
c	2639695	127819524	51673189
c	2639695	127819524	51592100
c	2639695	127819524	51511012
c	2639695	127819524	51429923
c	2639695	127819524	51348835
c	2639695	127819524	51267746
c	2639695	127819524	51186657
c	2639695	127819524	51105569
c	2639695	127819524	51024480
c	2639695	127819524	50943391
c	2639695	127819524	50862303
c	2639695	127819524	50781214
c	2639695	127819524	50700125
c	2639695	127819524	50619037
c	2639695	127819524	50537948
c	2639695	127819524	50456860
c	2639695	127819524	50375771
c	2639695	127819524	50294682
c	2639695	127819524	50213594
c	2639695	127819524	50132505
c	2639695	127819524	50051416
c	2639695	127819524	49970328
c	2639695	127819524	49889239
c	2639695	127819524	49808150
c	2639695	127819524	49727062
c	2505649	121328738	49654000
c	2505648	121328689	49580937
c	2505648	121328689	49507875
c	2505648	121328689	49434813
c	2505648	121328689	49361751
c	2505648	121328689	49288689
c	2505648	121328689	49215627
c	2505648	121328689	49142564
c	2505648	121328689	49069502
c	2505648	121328689	48996440
c	2505648	121328689	48923378
c	2505648	121328689	48850316
c	2505648	121328689	48777254
c	2505648	121328689	48704192
c	2505648	121328689	48631129
c	2505648	121328689	48558067
c	2505648	121328689	48485005
c	2378407	115167415	48419175
c	2197266	106396191	48362990
c	2197266	106396191	48306806
c	2197266	106396191	48250621
c	2197266	106396191	48194436
c	2197266	106396191	48138251
c	2197266	106396191	48082067
c	2197266	106396191	48025882
c	2197266	106396191	47969697
c	2197266	106396191	47913513
c	2197266	106396191	47857328
c	2197266	106396191	47801143
c	2197266	106396191	47744959
c	2197266	106396191	47688774
c	2197266	106396191	47632589
c	2197265	106396143	47576405
c	2085686	100993256	47525781
c	2085686	100993256	47475158
c	2085686	100993256	47424535
c	2085686	100993256	47373911
c	2085686	100993256	47323288
c	2085686	100993256	47272665
c	2085686	100993256	47222042
c	2085686	100993256	47171418
c	2085686	100993256	47120795
c	2085686	100993256	47070172
c	2085686	100993256	47019548
c	2085686	100993256	46968925
c	2085686	100993256	46918302
c	2085686	100993256	46867678
c	2085686	100993256	46817055
c	2085686	100993256	46766432
c	2085686	100993256	46715808
c	2085686	100993256	46665185
c	2085686	100993256	46614562
c	2085686	100993256	46563939
c	2085686	100993256	46513315
c	2085686	100993256	46462692
c	2085686	100993256	46412069
c	2085686	100993256	46361445
c	2085686	100993256	46310822
c	2085686	100993256	46260199
c	2085686	100993256	46209575
c	2085686	100993256	46158952
c	2085686	100993256	46108329
c	2085686	100993256	46057705
c	2085686	100993256	46007082
c	2085686	100993256	45956459
c	2085686	100993256	45905836
c	2085686	100993256	45855212
c	2085686	100993256	45804589
c	2085686	100993256	45753966
c	2085686	100993256	45703342
c	2085686	100993256	45652719
c	2085686	100993256	45602096
c	2085686	100993256	45551472
c	2085686	100993256	45500849
c	2085686	100993256	45450226
c	2085686	100993256	45399602
c	2085686	100993256	45348979
c	2085686	100993256	45298356
c	2085686	100993256	45247733
c	2085686	100993256	45197109
c	2085686	100993256	45146486
c	2085686	100993256	45095863
c	2085686	100993256	45045239
c	2085686	100993256	44994616
c	2085686	100993256	44943993
c	2085686	100993256	44893369
c	2085686	100993256	44842746
c	2085686	100993256	44792123
c	2085686	100993256	44741499
c	2085686	100993256	44690876
c	2085686	100993256	44640253
c	2085685	100993207	44589630
c	2085685	100993207	44539006
c	2085685	100993207	44488383
c	2085685	100993207	44437760
c	2085685	100993207	44387136
c	2085685	100993207	44336513
c	2085685	100993207	44285890
c	2085685	100993207	44235267
c	2085685	100993207	44184643
c	2085685	100993207	44134020
c	2085685	100993207	44083397
c	2085685	100993207	44032774
c	2085685	100993207	43982150
c	2085685	100993207	43931527
c	2085685	100993207	43880904
c	2085685	100993207	43830280
c	2085685	100993207	43779657
c	2085685	100993207	43729034
c	2085685	100993207	43678411
c	2085685	100993207	43627787
c	2085685	100993207	43577164
c	2085685	100993207	43526541
c	2085685	100993207	43475918
c	2085685	100993207	43425294
c	2085685	100993207	43374671
c	2085685	100993207	43324048
c	2085685	100993207	43273424
c	2085685	100993207	43222801
c	2085685	100993207	43172178
c	2085685	100993207	43121555
c	2085685	100993207	43070931
c	2085685	100993207	43020308
c	2085685	100993207	42969685
c	2085685	100993207	42919061
c	2085685	100993207	42868438
c	2085685	100993207	42817815
c	2085685	100993207	42767192
c	2085685	100993207	42716568
c	2085685	100993207	42665945
c	2085685	100993207	42615322
c	2085685	100993207	42564699
c	2085685	100993207	42514075
c	2085684	100993159	42463452
c	2085684	100993159	42412829
c	2085684	100993159	42362206
c	2085684	100993159	42311583
c	2085684	100993159	42260959
c	2085684	100993159	42210336
c	2085684	100993159	42159713
c	2085684	100993159	42109090
c	2085684	100993159	42058467
c	2085684	100993159	42007844
c	2085684	100993159	41957220
c	2085684	100993159	41906597
c	2085684	100993159	41855974
c	2085684	100993159	41805351
c	2085684	100993159	41754728
c	2085684	100993159	41704104
c	2085684	100993159	41653481
c	2085684	100993159	41602858
c	2085684	100993159	41552235
c	2085684	100993159	41501612
c	1979772	95864679	41455999
c	1979772	95864679	41410387
c	1979772	95864679	41364775
c	1979772	95864679	41319162
c	1979772	95864679	41273550
c	1979772	95864679	41227937
c	1979772	95864679	41182325
c	1979772	95864679	41136713
c	1979772	95864679	41091100
c	1979772	95864679	41045488
c	1979772	95864679	40999876
c	1979772	95864679	40954263
c	1979772	95864679	40908651
c	1979772	95864679	40863038
c	1979772	95864679	40817426
c	1979772	95864679	40771814
c	1979772	95864679	40726201
c	1979772	95864679	40680589
c	1979772	95864679	40634977
c	1979772	95864679	40589364
c	1979772	95864679	40543752
c	1979772	95864679	40498139
c	1979772	95864679	40452527
c	1979772	95864679	40406915
c	1979772	95864679	40361302
c	1979772	95864679	40315690
c	1979772	95864679	40270077
c	1979772	95864679	40224465
c	1979772	95864679	40178853
c	1979772	95864679	40133240
c	1979772	95864679	40087628
c	1979772	95864679	40042016
c	1979772	95864679	39996403
c	1979772	95864679	39950791
c	1979772	95864679	39905178
c	1979772	95864679	39859566
c	1979771	95864631	39813954
c	1979771	95864631	39768341
c	1979771	95864631	39722729
c	1979771	95864631	39677117
c	1979771	95864631	39631504
c	1979771	95864631	39585892
c	1979771	95864631	39540280
c	1979771	95864631	39494667
c	1979771	95864631	39449055
c	1979771	95864631	39403443
c	1979771	95864631	39357830
c	1979771	95864631	39312218
c	1979771	95864631	39266605
c	1979771	95864631	39220993
c	1979771	95864631	39175381
c	1979771	95864631	39129768
c	1979771	95864631	39084156
c	1979771	95864631	39038544
c	1979771	95864631	38992931
c	1979771	95864631	38947319
c	1979771	95864631	38901707
c	1979771	95864631	38856094
c	1979771	95864631	38810482
c	1979771	95864631	38764870
c	1979771	95864631	38719257
c	1979771	95864631	38673645
c	1979771	95864631	38628033
c	1979771	95864631	38582420
c	1979771	95864631	38536808
c	1979771	95864631	38491196
c	1979771	95864631	38445583
c	1979771	95864631	38399971
c	1979771	95864631	38354358
c	1979771	95864631	38308746
c	1979771	95864631	38263134
c	1979771	95864631	38217521
c	1979771	95864631	38171909
c	1979771	95864631	38126297
c	1979771	95864631	38080684
c	1979771	95864631	38035072
c	1979771	95864631	37989460
c	1979771	95864631	37943847
c	1979771	95864631	37898235
c	1979771	95864631	37852623
c	1979771	95864631	37807010
c	1979771	95864631	37761398
c	1979771	95864631	37715786
c	1979771	95864631	37670173
c	1979771	95864631	37624561
c	1979771	95864631	37578949
c	1979771	95864631	37533336
c	1979771	95864631	37487724
c	1979771	95864631	37442111
c	1979771	95864631	37396499
c	1979771	95864631	37350887
c	1879237	90996565	37309789
c	1879236	90996517	37268692
c	1879236	90996517	37227594
c	1879236	90996517	37186497
c	1879236	90996517	37145399
c	1879236	90996517	37104302
c	1879236	90996517	37063204
c	1879236	90996517	37022107
c	1879236	90996517	36981009
c	1879236	90996517	36939912
c	1879236	90996517	36898815
c	1879236	90996517	36857717
c	1879236	90996517	36816620
c	1879236	90996517	36775522
c	1879236	90996517	36734425
c	1879236	90996517	36693327
c	1879236	90996517	36652230
c	1879236	90996517	36611132
c	1783805	86375549	36574103
c	1647950	79797168	36542499
c	1647950	79797168	36510895
c	1647950	79797168	36479291
c	1647950	79797168	36447687
c	1647950	79797168	36416083
c	1647950	79797168	36384479
c	1647950	79797168	36352875
c	1647950	79797168	36321272
c	1647950	79797168	36289668
c	1647950	79797168	36258064
c	1647950	79797168	36226460
c	1647950	79797168	36194856
c	1647950	79797168	36163252
c	1647950	79797168	36131648
c	1647950	79797168	36100044
c	1647950	79797168	36068440
c	1647949	79797119	36036836
c	1647949	79797119	36005233
c	1647949	79797119	35973629
c	1647949	79797119	35942025
c	1647949	79797119	35910421
c	1647949	79797119	35878817
c	1647949	79797119	35847213
c	1647949	79797119	35815609
c	1647949	79797119	35784005
c	1647949	79797119	35752401
c	1647949	79797119	35720798
c	1647949	79797119	35689194
c	1647949	79797119	35657590
c	1647949	79797119	35625986
c	1647949	79797119	35594382
c	1647949	79797119	35562778
c	1647949	79797119	35531174
c	1647949	79797119	35499570
c	1647948	79797071	35467967
c	1564265	75744966	35439491
c	1564265	75744966	35411015
c	1564265	75744966	35382540
c	1564265	75744966	35354064
c	1564265	75744966	35325588
c	1564265	75744966	35297113
c	1564265	75744966	35268637
c	1564265	75744966	35240161
c	1564265	75744966	35211686
c	1564265	75744966	35183210
c	1564265	75744966	35154734
c	1564265	75744966	35126259
c	1564265	75744966	35097783
c	1564265	75744966	35069308
c	1564265	75744966	35040832
c	1564265	75744966	35012356
c	1564265	75744966	34983881
c	1564265	75744966	34955405
c	1564265	75744966	34926929
c	1564265	75744966	34898454
c	1564264	75744917	34869978
c	1564264	75744917	34841502
c	1564264	75744917	34813027
c	1564264	75744917	34784551
c	1564264	75744917	34756076
c	1564264	75744917	34727600
c	1564264	75744917	34699125
c	1564264	75744917	34670649
c	1564264	75744917	34642173
c	1564264	75744917	34613698
c	1564264	75744917	34585222
c	1564264	75744917	34556747
c	1564264	75744917	34528271
c	1564264	75744917	34499796
c	1564264	75744917	34471320
c	1564264	75744917	34442844
c	1564264	75744917	34414369
c	1564264	75744917	34385893
c	1564264	75744917	34357418
c	1564264	75744917	34328942
c	1564264	75744917	34300467
c	1564264	75744917	34271991
c	1564264	75744917	34243515
c	1564264	75744917	34215040
c	1564264	75744917	34186564
c	1564264	75744917	34158089
c	1564264	75744917	34129613
c	1564264	75744917	34101138
c	1564264	75744917	34072662
c	1564264	75744917	34044186
c	1564264	75744917	34015711
c	1564264	75744917	33987235
c	1564264	75744917	33958760
c	1564264	75744917	33930284
c	1564264	75744917	33901809
c	1564264	75744917	33873333
c	1564264	75744917	33844857
c	1564264	75744917	33816382
c	1564264	75744917	33787906
c	1564264	75744917	33759431
c	1564264	75744917	33730955
c	1564264	75744917	33702480
c	1564264	75744917	33674004
c	1564264	75744917	33645528
c	1564264	75744917	33617053
c	1564264	75744917	33588577
c	1564264	75744917	33560102
c	1564264	75744917	33531626
c	1564264	75744917	33503151
c	1564264	75744917	33474675
c	1564264	75744917	33446199
c	1564264	75744917	33417724
c	1564264	75744917	33389248
c	1564264	75744917	33360773
c	1564264	75744917	33332297
c	1564264	75744917	33303821
c	1564264	75744917	33275346
c	1564264	75744917	33246870
c	1564264	75744917	33218395
c	1564264	75744917	33189919
c	1564264	75744917	33161444
c	1564264	75744917	33132968
c	1564264	75744917	33104492
c	1564264	75744917	33076017
c	1564264	75744917	33047541
c	1564264	75744917	33019066
c	1564264	75744917	32990590
c	1564264	75744917	32962115
c	1564264	75744917	32933639
c	1564264	75744917	32905163
c	1564264	75744917	32876688
c	1564264	75744917	32848212
c	1564264	75744917	32819737
c	1564264	75744917	32791261
c	1564264	75744917	32762786
c	1564264	75744917	32734310
c	1564264	75744917	32705834
c	1564264	75744917	32677359
c	1564264	75744917	32648883
c	1564264	75744917	32620408
c	1564264	75744917	32591932
c	1564264	75744917	32563457
c	1564264	75744917	32534981
c	1564263	75744869	32506505
c	1564263	75744869	32478030
c	1564263	75744869	32449554
c	1564263	75744869	32421079
c	1564263	75744869	32392603
c	1564263	75744869	32364128
c	1564263	75744869	32335652
c	1564263	75744869	32307177
c	1564263	75744869	32278701
c	1564263	75744869	32250225
c	1564263	75744869	32221750
c	1564263	75744869	32193274
c	1564263	75744869	32164799
c	1564263	75744869	32136323
c	1564263	75744869	32107848
c	1564263	75744869	32079372
c	1564263	75744869	32050897
c	1564263	75744869	32022421
c	1564263	75744869	31993946
c	1564263	75744869	31965470
c	1564263	75744869	31936994
c	1564263	75744869	31908519
c	1564263	75744869	31880043
c	1564263	75744869	31851568
c	1564263	75744869	31823092
c	1564263	75744869	31794617
c	1564263	75744869	31766141
c	1564263	75744869	31737666
c	1564263	75744869	31709190
c	1564263	75744869	31680715
c	1564263	75744869	31652239
c	1564263	75744869	31623763
c	1564263	75744869	31595288
c	1564263	75744869	31566812
c	1564263	75744869	31538337
c	1564263	75744869	31509861
c	1564263	75744869	31481386
c	1564263	75744869	31452910
c	1564263	75744869	31424435
c	1564263	75744869	31395959
c	1564263	75744869	31367483
c	1564263	75744869	31339008
c	1564263	75744869	31310532
c	1564263	75744869	31282057
c	1564263	75744869	31253581
c	1564263	75744869	31225106
c	1564263	75744869	31196630
c	1564263	75744869	31168155
c	1564263	75744869	31139679
c	1564263	75744869	31111204
c	1564263	75744869	31082728
c	1564263	75744869	31054252
c	1564263	75744869	31025777
c	1564263	75744869	30997301
c	1564263	75744869	30968826
c	1564263	75744869	30940350
c	1564263	75744869	30911875
c	1564263	75744869	30883399
c	1564263	75744869	30854924
c	1564263	75744869	30826448
c	1564263	75744869	30797972
c	1564263	75744869	30769497
c	1484829	71898509	30743840
c	1484829	71898509	30718183
c	1484829	71898509	30692526
c	1484829	71898509	30666869
c	1484829	71898509	30641212
c	1484829	71898509	30615555
c	1484829	71898509	30589898
c	1484829	71898509	30564241
c	1484829	71898509	30538584
c	1484829	71898509	30512927
c	1484829	71898509	30487270
c	1484829	71898509	30461613
c	1484829	71898509	30435956
c	1484829	71898509	30410299
c	1484829	71898509	30384642
c	1484829	71898509	30358985
c	1484829	71898509	30333328
c	1484829	71898509	30307671
c	1484829	71898509	30282014
c	1484829	71898509	30256357
c	1484829	71898509	30230700
c	1484829	71898509	30205043
c	1484829	71898509	30179386
c	1484829	71898509	30153729
c	1484829	71898509	30128072
c	1484829	71898509	30102415
c	1484829	71898509	30076758
c	1484829	71898509	30051101
c	1484829	71898509	30025444
c	1484829	71898509	29999787
c	1484829	71898509	29974130
c	1484829	71898509	29948473
c	1484829	71898509	29922816
c	1484829	71898509	29897159
c	1484829	71898509	29871502
c	1484829	71898509	29845845
c	1484829	71898509	29820188
c	1484829	71898509	29794531
c	1484829	71898509	29768874
c	1484829	71898509	29743217
c	1484829	71898509	29717560
c	1484829	71898509	29691903
c	1484829	71898509	29666246
c	1484829	71898509	29640589
c	1484829	71898509	29614932
c	1484829	71898509	29589275
c	1484829	71898509	29563618
c	1484829	71898509	29537961
c	1484829	71898509	29512304
c	1484829	71898509	29486647
c	1484828	71898461	29460990
c	1484828	71898461	29435333
c	1484828	71898461	29409676
c	1484828	71898461	29384019
c	1484828	71898461	29358362
c	1484828	71898461	29332705
c	1484828	71898461	29307048
c	1484828	71898461	29281392
c	1484828	71898461	29255735
c	1484828	71898461	29230078
c	1484828	71898461	29204421
c	1484828	71898461	29178764
c	1484828	71898461	29153107
c	1484828	71898461	29127450
c	1484828	71898461	29101793
c	1484828	71898461	29076136
c	1484828	71898461	29050479
c	1484828	71898461	29024822
c	1484828	71898461	28999165
c	1484828	71898461	28973508
c	1484828	71898461	28947851
c	1484828	71898461	28922195
c	1484828	71898461	28896538
c	1484828	71898461	28870881
c	1484828	71898461	28845224
c	1484828	71898461	28819567
c	1484828	71898461	28793910
c	1484828	71898461	28768253
c	1484828	71898461	28742596
c	1484828	71898461	28716939
c	1484828	71898461	28691282
c	1484828	71898461	28665625
c	1484828	71898461	28639968
c	1484828	71898461	28614311
c	1484828	71898461	28588654
c	1484828	71898461	28562998
c	1484828	71898461	28537341
c	1484828	71898461	28511684
c	1484828	71898461	28486027
c	1484828	71898461	28460370
c	1484828	71898461	28434713
c	1484828	71898461	28409056
c	1484828	71898461	28383399
c	1484828	71898461	28357742
c	1484828	71898461	28332085
c	1484828	71898461	28306428
c	1484828	71898461	28280771
c	1484828	71898461	28255114
c	1484828	71898461	28229457
c	1484828	71898461	28203800
c	1484828	71898461	28178144
c	1484828	71898461	28152487
c	1484828	71898461	28126830
c	1484828	71898461	28101173
c	1484828	71898461	28075516
c	1409427	68247388	28052399
c	1409427	68247388	28029281
c	1409427	68247388	28006164
c	1409427	68247388	27983046
c	1409427	68247388	27959929
c	1409427	68247388	27936812
c	1409427	68247388	27913694
c	1409427	68247388	27890577
c	1409427	68247388	27867460
c	1409427	68247388	27844342
c	1409427	68247388	27821225
c	1409427	68247388	27798108
c	1409427	68247388	27774990
c	1409427	68247388	27751873
c	1409427	68247388	27728756
c	1409427	68247388	27705638
c	1409427	68247388	27682521
c	1409427	68247388	27659404
c	1409427	68247388	27636286
c	1337853	64781626	27615457
c	1235962	59847851	27597680
c	1235962	59847851	27579903
c	1235962	59847851	27562126
c	1235962	59847851	27544349
c	1235962	59847851	27526571
c	1235962	59847851	27508794
c	1235962	59847851	27491017
c	1235962	59847851	27473240
c	1235962	59847851	27455463
c	1235962	59847851	27437686
c	1235962	59847851	27419908
c	1235962	59847851	27402131
c	1235962	59847851	27384354
c	1235962	59847851	27366577
c	1235962	59847851	27348800
c	1235962	59847851	27331022
c	1235962	59847851	27313245
c	1235962	59847851	27295468
c	1235962	59847851	27277691
c	1235962	59847851	27259914
c	1235962	59847851	27242136
c	1235962	59847851	27224359
c	1235962	59847851	27206582
c	1235962	59847851	27188805
c	1235962	59847851	27171028
c	1235962	59847851	27153250
c	1235962	59847851	27135473
c	1235962	59847851	27117696
c	1235962	59847851	27099919
c	1235962	59847851	27082142
c	1235962	59847851	27064365
c	1235962	59847851	27046587
c	1235962	59847851	27028810
c	1235962	59847851	27011033
c	1235962	59847851	26993256
c	1235962	59847851	26975479
c	1235962	59847851	26957701
c	1235962	59847851	26939924
c	1235962	59847851	26922147
c	1235962	59847851	26904370
c	1235962	59847851	26886593
c	1235962	59847851	26868815
c	1235962	59847851	26851038
c	1235962	59847851	26833261
c	1235962	59847851	26815484
c	1235962	59847851	26797707
c	1235962	59847851	26779930
c	1235962	59847851	26762152
c	1235962	59847851	26744375
c	1235962	59847851	26726598
c	1235962	59847851	26708821
c	1235961	59847803	26691044
c	1235961	59847803	26673266
c	1235961	59847803	26655489
c	1235961	59847803	26637712
c	1235961	59847803	26619935
c	1235961	59847803	26602158
c	1235961	59847803	26584381
c	1235961	59847803	26566603
c	1235961	59847803	26548826
c	1235961	59847803	26531049
c	1235961	59847803	26513272
c	1235961	59847803	26495495
c	1235961	59847803	26477718
c	1235961	59847803	26459940
c	1235961	59847803	26442163
c	1235961	59847803	26424386
c	1235961	59847803	26406609
c	1235961	59847803	26388832
c	1235961	59847803	26371055
c	1173199	56808736	26355037
c	1173199	56808736	26339019
c	1173199	56808736	26323002
c	1173199	56808736	26306984
c	1173199	56808736	26290967
c	1173199	56808736	26274949
c	1173199	56808736	26258932
c	1173199	56808736	26242914
c	1173199	56808736	26226897
c	1173199	56808736	26210879
c	1173199	56808736	26194862
c	1173199	56808736	26178844
c	1173198	56808688	26162826
c	1173198	56808688	26146809
c	1173198	56808688	26130791
c	1173198	56808688	26114774
c	1173198	56808688	26098756
c	1173198	56808688	26082739
c	1173198	56808688	26066721
c	1173198	56808688	26050704
c	1173198	56808688	26034686
c	1173198	56808688	26018669
c	1173198	56808688	26002651
c	1173198	56808688	25986634
c	1173198	56808688	25970616
c	1173198	56808688	25954599
c	1173198	56808688	25938581
c	1173198	56808688	25922564
c	1173198	56808688	25906546
c	1173198	56808688	25890528
c	1173198	56808688	25874511
c	1173198	56808688	25858493
c	1173198	56808688	25842476
c	1173198	56808688	25826458
c	1173198	56808688	25810441
c	1173198	56808688	25794423
c	1173198	56808688	25778406
c	1173198	56808688	25762388
c	1173198	56808688	25746371
c	1173198	56808688	25730353
c	1173198	56808688	25714336
c	1173198	56808688	25698318
c	1173198	56808688	25682301
c	1173198	56808688	25666283
c	1173198	56808688	25650266
c	1173198	56808688	25634248
c	1173198	56808688	25618230
c	1173198	56808688	25602213
c	1173198	56808688	25586195
c	1173198	56808688	25570178
c	1173198	56808688	25554160
c	1173198	56808688	25538143
c	1173198	56808688	25522125
c	1173198	56808688	25506108
c	1173198	56808688	25490090
c	1173198	56808688	25474073
c	1173198	56808688	25458055
c	1173198	56808688	25442038
c	1173198	56808688	25426020
c	1173198	56808688	25410003
c	1173198	56808688	25393985
c	1173198	56808688	25377968
c	1173198	56808688	25361950
c	1173198	56808688	25345932
c	1173198	56808688	25329915
c	1173198	56808688	25313897
c	1173198	56808688	25297880
c	1173198	56808688	25281862
c	1173198	56808688	25265845
c	1173198	56808688	25249827
c	1173198	56808688	25233810
c	1173198	56808688	25217792
c	1173198	56808688	25201775
c	1173198	56808688	25185757
c	1173198	56808688	25169740
c	1173198	56808688	25153722
c	1173198	56808688	25137705
c	1173198	56808688	25121687
c	1173198	56808688	25105670
c	1173198	56808688	25089652
c	1173198	56808688	25073634
c	1173198	56808688	25057617
c	1173198	56808688	25041599
c	1173198	56808688	25025582
c	1173198	56808688	25009564
c	1173198	56808688	24993547
c	1173198	56808688	24977529
c	1173198	56808688	24961512
c	1173198	56808688	24945494
c	1173198	56808688	24929477
c	1173198	56808688	24913459
c	1173198	56808688	24897442
c	1173198	56808688	24881424
c	1173198	56808688	24865407
c	1173198	56808688	24849389
c	1173198	56808688	24833372
c	1173198	56808688	24817354
c	1173198	56808688	24801337
c	1173198	56808688	24785319
c	1173198	56808688	24769301
c	1173198	56808688	24753284
c	1173198	56808688	24737266
c	1173198	56808688	24721249
c	1173198	56808688	24705231
c	1173198	56808688	24689214
c	1173198	56808688	24673196
c	1173198	56808688	24657179
c	1173198	56808688	24641161
c	1173198	56808688	24625144
c	1173198	56808688	24609126
c	1173198	56808688	24593109
c	1173198	56808688	24577091
c	1173198	56808688	24561074
c	1173198	56808688	24545056
c	1173198	56808688	24529039
c	1173198	56808688	24513021
c	1173198	56808688	24497003
c	1173198	56808688	24480986
c	1173198	56808688	24464968
c	1173198	56808688	24448951
c	1173198	56808688	24432933
c	1173198	56808688	24416916
c	1173198	56808688	24400898
c	1173198	56808688	24384881
c	1173198	56808688	24368863
c	1173198	56808688	24352846
c	1173198	56808688	24336828
c	1173198	56808688	24320811
c	1173198	56808688	24304793
c	1173198	56808688	24288776
c	1173198	56808688	24272758
c	1173198	56808688	24256741
c	1173198	56808688	24240723
c	1173198	56808688	24224705
c	1173198	56808688	24208688
c	1173198	56808688	24192670
c	1173198	56808688	24176653
c	1173198	56808688	24160635
c	1173198	56808688	24144618
c	1173198	56808688	24128600
c	1173198	56808688	24112583
c	1173198	56808688	24096565
c	1173198	56808688	24080548
c	1173198	56808688	24064530
c	1173198	56808688	24048513
c	1173198	56808688	24032495
c	1173198	56808688	24016478
c	1173198	56808688	24000460
c	1173198	56808688	23984443
c	1173198	56808688	23968425
c	1173198	56808688	23952407
c	1173198	56808688	23936390
c	1173198	56808688	23920372
c	1173198	56808688	23904355
c	1173198	56808688	23888337
c	1173198	56808688	23872320
c	1173198	56808688	23856302
c	1173198	56808688	23840285
c	1173197	56808639	23824267
c	1173197	56808639	23808250
c	1173197	56808639	23792232
c	1173197	56808639	23776215
c	1173197	56808639	23760197
c	1173197	56808639	23744180
c	1173197	56808639	23728162
c	1173197	56808639	23712145
c	1173197	56808639	23696127
c	1173197	56808639	23680110
c	1173197	56808639	23664092
c	1173197	56808639	23648075
c	1173197	56808639	23632057
c	1173197	56808639	23616040
c	1173197	56808639	23600022
c	1173197	56808639	23584005
c	1173197	56808639	23567987
c	1173197	56808639	23551970
c	1173197	56808639	23535952
c	1173197	56808639	23519935
c	1173197	56808639	23503917
c	1173197	56808639	23487900
c	1173197	56808639	23471882
c	1173197	56808639	23455865
c	1173197	56808639	23439847
c	1173197	56808639	23423830
c	1173197	56808639	23407812
c	1173197	56808639	23391795
c	1173197	56808639	23375777
c	1173197	56808639	23359759
c	1173197	56808639	23343742
c	1173197	56808639	23327724
c	1173197	56808639	23311707
c	1173197	56808639	23295689
c	1173197	56808639	23279672
c	1173197	56808639	23263654
c	1173197	56808639	23247637
c	1173197	56808639	23231619
c	1173197	56808639	23215602
c	1173197	56808639	23199584
c	1173197	56808639	23183567
c	1173197	56808639	23167549
c	1173197	56808639	23151532
c	1173197	56808639	23135514
c	1173197	56808639	23119497
c	1173197	56808639	23103479
c	1173197	56808639	23087462
c	1173197	56808639	23071444
c	1173197	56808639	23055427
c	1173197	56808639	23039409
c	1173197	56808639	23023392
c	1173197	56808639	23007374
c	1173197	56808639	22991357
c	1173197	56808639	22975339
c	1173197	56808639	22959322
c	1173197	56808639	22943304
c	1173197	56808639	22927287
c	1173197	56808639	22911269
c	1173197	56808639	22895252
c	1173197	56808639	22879234
c	1173197	56808639	22863217
c	1173197	56808639	22847199
c	1113622	53923894	22832767
c	1113622	53923894	22818335
c	1113622	53923894	22803903
c	1113622	53923894	22789471
c	1113622	53923894	22775039
c	1113622	53923894	22760607
c	1113622	53923894	22746175
c	1113622	53923894	22731743
c	1113622	53923894	22717311
c	1113622	53923894	22702878
c	1113622	53923894	22688446
c	1113622	53923894	22674014
c	1113622	53923894	22659582
c	1113622	53923894	22645150
c	1113622	53923894	22630718
c	1113621	53923846	22616286
c	1113621	53923846	22601854
c	1113621	53923846	22587422
c	1113621	53923846	22572990
c	1113621	53923846	22558558
c	1113621	53923846	22544126
c	1113621	53923846	22529694
c	1113621	53923846	22515262
c	1113621	53923846	22500830
c	1113621	53923846	22486398
c	1113621	53923846	22471966
c	1113621	53923846	22457534
c	1113621	53923846	22443102
c	1113621	53923846	22428669
c	1113621	53923846	22414237
c	1113621	53923846	22399805
c	1113621	53923846	22385373
c	1113621	53923846	22370941
c	1113621	53923846	22356509
c	1113621	53923846	22342077
c	1113621	53923846	22327645
c	1113621	53923846	22313213
c	1113621	53923846	22298781
c	1113621	53923846	22284349
c	1113621	53923846	22269917
c	1113621	53923846	22255485
c	1113621	53923846	22241053
c	1113621	53923846	22226621
c	1113621	53923846	22212189
c	1113621	53923846	22197757
c	1113621	53923846	22183325
c	1113621	53923846	22168893
c	1113621	53923846	22154461
c	1113621	53923846	22140028
c	1113621	53923846	22125596
c	1113621	53923846	22111164
c	1113621	53923846	22096732
c	1113621	53923846	22082300
c	1113621	53923846	22067868
c	1113621	53923846	22053436
c	1113621	53923846	22039004
c	1113621	53923846	22024572
c	1113621	53923846	22010140
c	1113621	53923846	21995708
c	1113621	53923846	21981276
c	1113621	53923846	21966844
c	1113621	53923846	21952412
c	1113621	53923846	21937980
c	1113621	53923846	21923548
c	1113621	53923846	21909116
c	1113621	53923846	21894684
c	1113621	53923846	21880252
c	1113621	53923846	21865820
c	1113621	53923846	21851388
c	1113621	53923846	21836955
c	1113621	53923846	21822523
c	1113621	53923846	21808091
c	1113621	53923846	21793659
c	1113621	53923846	21779227
c	1113621	53923846	21764795
c	1113621	53923846	21750363
c	1113621	53923846	21735931
c	1113621	53923846	21721499
c	1113621	53923846	21707067
c	1113621	53923846	21692635
c	1113621	53923846	21678203
c	1113621	53923846	21663771
c	1113621	53923846	21649339
c	1113621	53923846	21634907
c	1113621	53923846	21620475
c	1113621	53923846	21606043
c	1113621	53923846	21591611
c	1113621	53923846	21577179
c	1113621	53923846	21562747
c	1113621	53923846	21548314
c	1113621	53923846	21533882
c	1113621	53923846	21519450
c	1113621	53923846	21505018
c	1113621	53923846	21490586
c	1113621	53923846	21476154
c	1113621	53923846	21461722
c	1113621	53923846	21447290
c	1113621	53923846	21432858
c	1113621	53923846	21418426
c	1113621	53923846	21403994
c	1113621	53923846	21389562
c	1113621	53923846	21375130
c	1113621	53923846	21360698
c	1113621	53923846	21346266
c	1113621	53923846	21331834
c	1113621	53923846	21317402
c	1113621	53923846	21302970
c	1113621	53923846	21288538
c	1113621	53923846	21274106
c	1113621	53923846	21259674
c	1113621	53923846	21245241
c	1113621	53923846	21230809
c	1113621	53923846	21216377
c	1113621	53923846	21201945
c	1113621	53923846	21187513
c	1113621	53923846	21173081
c	1113621	53923846	21158649
c	1113621	53923846	21144217
c	1113621	53923846	21129785
c	1113621	53923846	21115353
c	1057071	51185577	21102350
c	1057070	51185528	21089346
c	1057070	51185528	21076342
c	1057070	51185528	21063339
c	1057070	51185528	21050335
c	1057070	51185528	21037332
c	1057070	51185528	21024328
c	1057070	51185528	21011325
c	1057070	51185528	20998321
c	1057070	51185528	20985318
c	1057070	51185528	20972314
c	1057070	51185528	20959311
c	1057070	51185528	20946307
c	1057070	51185528	20933304
c	1057070	51185528	20920300
c	1057070	51185528	20907297
c	1057070	51185528	20894293
c	1057070	51185528	20881290
c	1057070	51185528	20868286
c	1057070	51185528	20855283
c	1003389	48586183	20843567
s	976563	418714551	20813973
s	926972	395949865	20787310
s	926972	395949865	20760646
s	926972	395949865	20733982
s	926972	395949865	20707318
s	926972	395949865	20680654
s	926972	395949865	20653990
s	926972	395949865	20627326
s	926972	395949865	20600662
s	926972	395949865	20573999
s	926972	395949865	20547335
s	926972	395949865	20520671
s	926972	395949865	20494007
s	926972	395949865	20467343
s	926972	395949865	20440679
s	926972	395949865	20414015
s	926972	395949865	20387352
s	926972	395949865	20360688
s	926972	395949865	20334024
s	926972	395949865	20307360
s	926972	395949865	20280696
s	926972	395949865	20254032
s	926972	395949865	20227368
s	926972	395949865	20200705
s	926972	395949865	20174041
s	926972	395949865	20147377
s	926972	395949865	20120713
s	926972	395949865	20094049
s	926972	395949865	20067385
s	926972	395949865	20040721
s	926972	395949865	20014058
s	926972	395949865	19987394
s	926972	395949865	19960730
s	926972	395949865	19934066
s	926972	395949865	19907402
s	926972	395949865	19880738
s	926972	395949865	19854074
s	926972	395949865	19827410
s	926972	395949865	19800747
s	926972	395949865	19774083
s	926972	395949865	19747419
s	926972	395949865	19720755
s	926972	395949865	19694091
s	926972	395949865	19667427
s	926972	395949865	19640763
s	926972	395949865	19614100
s	926972	395949865	19587436
s	926972	395949865	19560772
s	926972	395949865	19534108
s	926972	395949865	19507444
s	926972	395949865	19480780
s	926972	395949865	19454116
s	926972	395949865	19427453
s	926972	395949865	19400789
s	926972	395949865	19374125
s	926972	395949865	19347461
s	926972	395949865	19320797
s	926971	395949407	19294133
s	926971	395949407	19267470
s	926971	395949407	19240806
s	926971	395949407	19214142
s	926971	395949407	19187478
s	926971	395949407	19160814
s	926971	395949407	19134150
s	926971	395949407	19107487
s	926971	395949407	19080823
s	926971	395949407	19054159
s	926971	395949407	19027495
s	926971	395949407	19000831
s	926971	395949407	18974168
s	926971	395949407	18947504
s	926971	395949407	18920840
s	926971	395949407	18894176
s	926971	395949407	18867512
s	926971	395949407	18840849
s	926971	395949407	18814185
s	926971	395949407	18787521
s	926971	395949407	18760857
s	926971	395949407	18734193
s	926971	395949407	18707530
s	926971	395949407	18680866
s	926971	395949407	18654202
s	926971	395949407	18627538
s	926971	395949407	18600874
s	926971	395949407	18574211
s	926971	395949407	18547547
s	926971	395949407	18520883
s	926971	395949407	18494219
s	926971	395949407	18467555
s	926971	395949407	18440892
s	926971	395949407	18414228
s	926971	395949407	18387564
s	926971	395949407	18360900
s	926971	395949407	18334236
s	926971	395949407	18307573
s	926971	395949407	18280909
s	926971	395949407	18254245
s	926971	395949407	18227581
s	926971	395949407	18200917
s	926971	395949407	18174254
s	926971	395949407	18147590
s	926971	395949407	18120926
s	926971	395949407	18094262
s	926971	395949407	18067598
s	926971	395949407	18040935
s	926971	395949407	18014271
s	926971	395949407	17987607
s	926971	395949407	17960943
s	926970	395948949	17934279
s	926970	395948949	17907616
s	926970	395948949	17880952
s	926970	395948949	17854288
s	926970	395948949	17827624
s	926970	395948949	17800961
s	926970	395948949	17774297
s	926970	395948949	17747633
s	926970	395948949	17720969
s	926970	395948949	17694306
s	926970	395948949	17667642
s	926970	395948949	17640978
s	926970	395948949	17614314
s	926970	395948949	17587651
s	926970	395948949	17560987
s	926970	395948949	17534323
s	926970	395948949	17507659
s	926970	395948949	17480996
s	926970	395948949	17454332
s	879899	374417333	17430307
s	879899	374417333	17406283
s	879899	374417333	17382258
s	879899	374417333	17358234
s	879899	374417333	17334210
s	879899	374417333	17310185
s	879899	374417333	17286161
s	879899	374417333	17262136
s	879899	374417333	17238112
s	879899	374417333	17214087
s	879899	374417333	17190063
s	879899	374417333	17166038
s	879899	374417333	17142014
s	879899	374417333	17117989
s	879899	374417333	17093965
s	879899	374417333	17069940
s	879899	374417333	17045916
s	879899	374417333	17021891
s	879899	374417333	16997867
s	879899	374417333	16973842
s	879899	374417333	16949818
s	879899	374417333	16925793
s	879899	374417333	16901769
s	879899	374417333	16877744
s	879899	374417333	16853720
s	879899	374417333	16829696
s	879899	374417333	16805671
s	879899	374417333	16781647
s	879899	374417333	16757622
s	879899	374417333	16733598
s	879899	374417333	16709573
s	879899	374417333	16685549
s	879899	374417333	16661524
s	879899	374417333	16637500
s	879899	374417333	16613475
s	879899	374417333	16589451
s	879899	374417333	16565426
s	879899	374417333	16541402
s	879899	374417333	16517377
s	879899	374417333	16493353
s	879899	374417333	16469328
s	879899	374417333	16445304
s	879899	374417333	16421279
s	879899	374417333	16397255
s	879899	374417333	16373230
s	879899	374417333	16349206
s	879899	374417333	16325182
s	879899	374417333	16301157
s	879899	374417333	16277133
s	879899	374417333	16253108
s	879899	374417333	16229084
s	879899	374417333	16205059
s	879899	374417333	16181035
s	879899	374417333	16157010
s	879899	374417333	16132986
s	879899	374417333	16108961
s	879899	374417333	16084937
s	879899	374417333	16060912
s	879899	374417333	16036888
s	879899	374417333	16012863
s	879899	374417333	15988839
s	879899	374417333	15964814
s	879899	374417333	15940790
s	879899	374417333	15916765
s	879899	374417333	15892741
s	879899	374417333	15868717
s	879899	374417333	15844692
s	879899	374417333	15820668
s	879899	374417333	15796643
s	879899	374417333	15772619
s	879899	374417333	15748594
s	879899	374417333	15724570
s	879899	374417333	15700545
s	879899	374417333	15676521
s	879899	374417333	15652496
s	879899	374417333	15628472
s	879899	374417333	15604447
s	879899	374417333	15580423
s	879898	374416876	15556398
s	879898	374416876	15532374
s	879898	374416876	15508350
s	879898	374416876	15484325
s	879898	374416876	15460301
s	879898	374416876	15436276
s	879898	374416876	15412252
s	879898	374416876	15388227
s	879898	374416876	15364203
s	879898	374416876	15340179
s	879898	374416876	15316154
s	879898	374416876	15292130
s	879898	374416876	15268105
s	879898	374416876	15244081
s	879898	374416876	15220056
s	879898	374416876	15196032
s	879898	374416876	15172008
s	879898	374416876	15147983
s	879898	374416876	15123959
s	879898	374416876	15099934
s	879898	374416876	15075910
s	879898	374416876	15051886
s	879898	374416876	15027861
s	879898	374416876	15003837
s	879898	374416876	14979812
s	879898	374416876	14955788
s	879898	374416876	14931763
s	879898	374416876	14907739
s	879898	374416876	14883715
s	879898	374416876	14859690
s	879898	374416876	14835666
s	879898	374416876	14811641
s	879898	374416876	14787617
s	879898	374416876	14763592
s	879898	374416876	14739568
s	879898	374416876	14715544
s	879898	374416876	14691519
s	879898	374416876	14667495
s	879898	374416876	14643470
s	879898	374416876	14619446
s	879898	374416876	14595422
s	879898	374416876	14571397
s	879898	374416876	14547373
s	879898	374416876	14523348
s	879898	374416876	14499324
s	879898	374416876	14475299
s	879898	374416876	14451275
s	879898	374416876	14427251
s	879898	374416876	14403226
s	879898	374416876	14379202
s	879898	374416876	14355177
s	879898	374416876	14331153
s	879898	374416876	14307128
s	879898	374416876	14283104
s	879898	374416876	14259080
s	879898	374416876	14235055
s	879898	374416876	14211031
s	879898	374416876	14187006
s	879898	374416876	14162982
s	879898	374416876	14138958
s	879898	374416876	14114933
s	879898	374416876	14090909
s	879898	374416876	14066884
s	879898	374416876	14042860
s	879898	374416876	14018835
s	879898	374416876	13994811
s	879898	374416876	13970787
s	879898	374416876	13946762
s	879898	374416876	13922738
s	879898	374416876	13898713
s	879898	374416876	13874689
s	879898	374416876	13850664
s	879898	374416876	13826640
s	879898	374416876	13802616
s	879898	374416876	13778591
s	879898	374416876	13754567
s	879898	374416876	13730542
s	879898	374416876	13706518
s	879898	374416876	13682494
s	879898	374416876	13658469
s	879898	374416876	13634445
s	879898	374416876	13610420
s	879898	374416876	13586396
s	879898	374416876	13562371
s	879898	374416876	13538347
s	879898	374416876	13514323
s	879898	374416876	13490298
s	879898	374416876	13466274
s	879898	374416876	13442249
s	879898	374416876	13418225
s	879898	374416876	13394200
s	879898	374416876	13370176
s	879898	374416876	13346152
s	879898	374416876	13322127
s	879898	374416876	13298103
s	879898	374416876	13274078
s	879898	374416876	13250054
s	879898	374416876	13226030
s	879898	374416876	13202005
s	879898	374416876	13177981
s	879898	374416876	13153956
s	879898	374416876	13129932
s	879898	374416876	13105907
s	879898	374416876	13081883
s	879898	374416876	13057859
s	879898	374416876	13033834
s	879898	374416876	13009810
s	879898	374416876	12985785
s	879898	374416876	12961761
s	879898	374416876	12937736
s	879898	374416876	12913712
s	879898	374416876	12889688
s	879898	374416876	12865663
s	879898	374416876	12841639
s	879898	374416876	12817614
s	879898	374416876	12793590
s	879898	374416876	12769566
s	879898	374416876	12745541
s	879898	374416876	12721517
s	879898	374416876	12697492
s	879898	374416876	12673468
s	879898	374416876	12649443
s	879898	374416876	12625419
s	879898	374416876	12601395
s	879898	374416876	12577370
s	879898	374416876	12553346
s	879898	374416876	12529321
s	879898	374416876	12505297
s	879898	374416876	12481272
s	879898	374416876	12457248
s	879898	374416876	12433224
s	879898	374416876	12409199
s	879898	374416876	12385175
s	879898	374416876	12361150
s	879898	374416876	12337126
s	879898	374416876	12313102
s	879898	374416876	12289077
s	879898	374416876	12265053
s	879898	374416876	12241028
s	879898	374416876	12217004
s	879898	374416876	12192979
s	879898	374416876	12168955
s	879898	374416876	12144931
s	879898	374416876	12120906
s	879898	374416876	12096882
s	879898	374416876	12072857
s	879897	374416419	12048833
s	879897	374416419	12024809
s	879897	374416419	12000784
s	879897	374416419	11976760
s	879897	374416419	11952736
s	879897	374416419	11928711
s	879897	374416419	11904687
s	879897	374416419	11880662
s	879897	374416419	11856638
s	879897	374416419	11832614
s	879897	374416419	11808589
s	879897	374416419	11784565
s	879897	374416419	11760541
s	879897	374416419	11736516
s	879897	374416419	11712492
s	879897	374416419	11688467
s	879897	374416419	11664443
s	879897	374416419	11640419
s	879897	374416419	11616394
s	879897	374416419	11592370
s	879897	374416419	11568346
s	879897	374416419	11544321
s	879897	374416419	11520297
s	879897	374416419	11496273
s	879897	374416419	11472248
s	879897	374416419	11448224
s	879897	374416419	11424199
s	879897	374416419	11400175
s	879897	374416419	11376151
s	879897	374416419	11352126
s	879897	374416419	11328102
s	879897	374416419	11304078
s	879897	374416419	11280053
s	879897	374416419	11256029
s	879897	374416419	11232005
s	879897	374416419	11207980
s	879897	374416419	11183956
s	879897	374416419	11159931
s	879897	374416419	11135907
s	879897	374416419	11111883
s	879897	374416419	11087858
s	879897	374416419	11063834
s	879897	374416419	11039810
s	879897	374416419	11015785
s	879897	374416419	10991761
s	879897	374416419	10967736
s	879897	374416419	10943712
s	879897	374416419	10919688
s	879897	374416419	10895663
s	879897	374416419	10871639
s	879897	374416419	10847615
s	879897	374416419	10823590
s	879897	374416419	10799566
s	879897	374416419	10775542
s	879897	374416419	10751517
s	879897	374416419	10727493
s	879897	374416419	10703468
s	879897	374416419	10679444
s	879897	374416419	10655420
s	879897	374416419	10631395
s	879897	374416419	10607371
s	879897	374416419	10583347
s	835217	354050905	10561700
s	835217	354050905	10540054
s	835217	354050905	10518407
s	835217	354050905	10496761
s	835217	354050905	10475115
s	835217	354050905	10453468
s	835217	354050905	10431822
s	835216	354050450	10410176
s	835216	354050450	10388529
s	835216	354050450	10366883
s	835216	354050450	10345237
s	835216	354050450	10323590
s	835216	354050450	10301944
s	835216	354050450	10280298
s	835216	354050450	10258651
s	835216	354050450	10237005
s	835216	354050450	10215359
s	835216	354050450	10193712
s	835216	354050450	10172066
s	835216	354050450	10150420
s	835216	354050450	10128773
s	835216	354050450	10107127
s	835216	354050450	10085481
s	835216	354050450	10063834
s	835216	354050450	10042188
s	835216	354050450	10020542
s	835216	354050450	9998895
s	835216	354050450	9977249
s	835216	354050450	9955603
s	835216	354050450	9933956
s	835216	354050450	9912310
s	835215	354049995	9890664
s	835215	354049995	9869018
s	835215	354049995	9847371
s	835215	354049995	9825725
s	835215	354049995	9804079
s	835215	354049995	9782432
s	835215	354049995	9760786
s	835215	354049995	9739140
s	835215	354049995	9717494
s	835215	354049995	9695847
s	835215	354049995	9674201
s	835215	354049995	9652555
s	835215	354049995	9630908
s	835215	354049995	9609262
s	835215	354049995	9587616
s	835215	354049995	9565970
s	835215	354049995	9544323
s	835215	354049995	9522677
s	835215	354049995	9501031
s	835215	354049995	9479385
s	835215	354049995	9457738
s	835215	354049995	9436092
s	835215	354049995	9414446
s	835215	354049995	9392799
s	835215	354049995	9371153
s	835215	354049995	9349507
s	835215	354049995	9327861
s	835215	354049995	9306214
s	835215	354049995	9284568
s	835215	354049995	9262922
s	835215	354049995	9241275
s	835215	354049995	9219629
s	835215	354049995	9197983
s	835215	354049995	9176337
s	835215	354049995	9154690
s	835215	354049995	9133044
s	835215	354049995	9111398
s	835215	354049995	9089752
s	835215	354049995	9068105
s	835215	354049995	9046459
s	835215	354049995	9024813
s	835215	354049995	9003166
s	835215	354049995	8981520
s	835215	354049995	8959874
s	835215	354049995	8938228
s	835215	354049995	8916581
s	835215	354049995	8894935
s	835215	354049995	8873289
s	835215	354049995	8851642
s	835215	354049995	8829996
s	835215	354049995	8808350
s	835215	354049995	8786704
s	835215	354049995	8765057
s	835215	354049995	8743411
s	835215	354049995	8721765
s	835215	354049995	8700119
s	835215	354049995	8678472
s	835215	354049995	8656826
s	835215	354049995	8635180
s	835215	354049995	8613533
s	835215	354049995	8591887
s	835215	354049995	8570241
s	835215	354049995	8548595
s	835215	354049995	8526948
s	835215	354049995	8505302
s	835215	354049995	8483656
s	835215	354049995	8462009
s	835215	354049995	8440363
s	835215	354049995	8418717
s	835215	354049995	8397071
s	835215	354049995	8375424
s	835215	354049995	8353778
s	835215	354049995	8332132
s	835215	354049995	8310486
s	835215	354049995	8288839
s	835215	354049995	8267193
s	835215	354049995	8245547
s	835215	354049995	8223900
s	835215	354049995	8202254
s	835215	354049995	8180608
s	835215	354049995	8158962
s	835215	354049995	8137315
s	835215	354049995	8115669
s	835215	354049995	8094023
s	835215	354049995	8072377
s	835215	354049995	8050730
s	835215	354049995	8029084
s	835215	354049995	8007438
s	835215	354049995	7985791
s	835215	354049995	7964145
s	835215	354049995	7942499
s	835215	354049995	7920853
s	835215	354049995	7899206
s	835215	354049995	7877560
s	835215	354049995	7855914
s	835215	354049995	7834267
s	835215	354049995	7812621
s	835215	354049995	7790975
s	835215	354049995	7769329
s	835215	354049995	7747682
s	835215	354049995	7726036
s	835215	354049995	7704390
s	835215	354049995	7682744
s	835215	354049995	7661097
s	835215	354049995	7639451
s	792803	334786970	7619947
s	792803	334786970	7600444
s	792802	334786517	7580940
s	792802	334786517	7561437
s	792802	334786517	7541933
s	792802	334786517	7522429
s	792802	334786517	7502926
s	792802	334786517	7483422
s	792802	334786517	7463919
s	792802	334786517	7444415
s	792802	334786517	7424911
s	792802	334786517	7405408
s	792802	334786517	7385904
s	792802	334786517	7366401
s	792802	334786517	7346897
s	792802	334786517	7327394
s	792802	334786517	7307890
s	792802	334786517	7288386
s	792802	334786517	7268883
s	792802	334786517	7249379
s	792802	334786517	7229876
s	752541	316565683	7212303
s	732422	307485347	7195657
s	732422	307485347	7179011
s	732422	307485347	7162365
s	732422	307485347	7145719
s	732422	307485347	7129074
s	695229	290744586	7114076
s	695229	290744586	7099077
s	695229	290744586	7084079
s	695229	290744586	7069081
s	695229	290744586	7054083
s	695229	290744586	7039085
s	695229	290744586	7024087
s	695229	290744586	7009089
s	695229	290744586	6994091
s	695229	290744586	6979093
s	695229	290744586	6964095
s	695229	290744586	6949097
s	695229	290744586	6934098
s	695229	290744586	6919100
s	695229	290744586	6904102
s	695229	290744586	6889104
s	695229	290744586	6874106
s	695229	290744586	6859108
s	695229	290744586	6844110
s	695229	290744586	6829112
s	695229	290744586	6814114
s	695229	290744586	6799116
s	695229	290744586	6784118
s	695229	290744586	6769119
s	695229	290744586	6754121
s	695229	290744586	6739123
s	695229	290744586	6724125
s	695229	290744586	6709127
s	695229	290744586	6694129
s	695229	290744586	6679131
s	695229	290744586	6664133
s	695229	290744586	6649135
s	695229	290744586	6634137
s	695229	290744586	6619139
s	695229	290744586	6604140
s	695229	290744586	6589142
s	695229	290744586	6574144
s	695229	290744586	6559146
s	695229	290744586	6544148
s	695229	290744586	6529150
s	695229	290744586	6514152
s	695229	290744586	6499154
s	695229	290744586	6484156
s	695229	290744586	6469158
s	695229	290744586	6454160
s	695229	290744586	6439161
s	695229	290744586	6424163
s	695229	290744586	6409165
s	695229	290744586	6394167
s	695229	290744586	6379169
s	695229	290744586	6364171
s	695229	290744586	6349173
s	695229	290744586	6334175
s	695229	290744586	6319177
s	695229	290744586	6304179
s	695229	290744586	6289181
s	695229	290744586	6274182
s	695229	290744586	6259184
s	695229	290744586	6244186
s	695229	290744586	6229188
s	695229	290744586	6214190
s	695229	290744586	6199192
s	695229	290744586	6184194
s	695229	290744586	6169196
s	695229	290744586	6154198
s	695229	290744586	6139200
s	695229	290744586	6124201
s	695229	290744586	6109203
s	695229	290744586	6094205
s	695229	290744586	6079207
s	695229	290744586	6064209
s	695229	290744586	6049211
s	695229	290744586	6034213
s	695229	290744586	6019215
s	695229	290744586	6004217
s	695229	290744586	5989219
s	695229	290744586	5974221
s	695229	290744586	5959222
s	695229	290744586	5944224
s	695229	290744586	5929226
s	695229	290744586	5914228
s	695229	290744586	5899230
s	695229	290744586	5884232
s	695229	290744586	5869234
s	659924	274910824	5855720
s	659924	274910824	5842207
s	659924	274910824	5828694
s	659924	274910824	5815180
s	659924	274910824	5801667
s	659924	274910824	5788153
s	659924	274910824	5774640
s	659924	274910824	5761126
s	659924	274910824	5747613
s	659924	274910824	5734099
s	659924	274910824	5720586
s	659924	274910824	5707073
s	659924	274910824	5693559
s	659924	274910824	5680046
s	659924	274910824	5666532
s	659924	274910824	5653019
s	659924	274910824	5639505
s	659924	274910824	5625992
s	659924	274910824	5612478
s	659924	274910824	5598965
s	659924	274910824	5585452
s	659924	274910824	5571938
s	659924	274910824	5558425
s	659924	274910824	5544911
s	659924	274910824	5531398
s	659924	274910824	5517884
s	659924	274910824	5504371
s	659924	274910824	5490857
s	659924	274910824	5477344
s	659924	274910824	5463831
s	659924	274910824	5450317
s	659924	274910824	5436804
s	659924	274910824	5423290
s	659924	274910824	5409777
s	659924	274910824	5396263
s	659924	274910824	5382750
s	659924	274910824	5369236
s	659924	274910824	5355723
s	659924	274910824	5342210
s	659924	274910824	5328696
s	659924	274910824	5315183
s	659924	274910824	5301669
s	659924	274910824	5288156
s	659924	274910824	5274642
s	659924	274910824	5261129
s	659924	274910824	5247615
s	659924	274910824	5234102
s	659924	274910824	5220589
s	659924	274910824	5207075
s	659924	274910824	5193562
s	659924	274910824	5180048
s	659924	274910824	5166535
s	659924	274910824	5153021
s	659924	274910824	5139508
s	659924	274910824	5125994
s	659924	274910824	5112481
s	659924	274910824	5098968
s	659924	274910824	5085454
s	659924	274910824	5071941
s	659924	274910824	5058427
s	659924	274910824	5044914
s	659924	274910824	5031400
s	659924	274910824	5017887
s	659924	274910824	5004373
s	659924	274910824	4990860
s	659924	274910824	4977347
s	659924	274910824	4963833
s	659924	274910824	4950320
s	659924	274910824	4936806
s	659924	274910824	4923293
s	659924	274910824	4909779
s	659924	274910824	4896266
s	659924	274910824	4882752
s	659924	274910824	4869239
s	659924	274910824	4855726
s	659924	274910824	4842212
s	659924	274910824	4828699
s	659924	274910824	4815185
s	626413	259935938	4803009
s	626412	259935492	4790834
s	626412	259935492	4778658
s	626412	259935492	4766482
s	626412	259935492	4754306
s	626412	259935492	4742131
s	626412	259935492	4729955
s	626412	259935492	4717779
s	626412	259935492	4705603
s	626412	259935492	4693428
s	626412	259935492	4681252
s	626412	259935492	4669076
s	626412	259935492	4656900
s	626412	259935492	4644724
s	626412	259935492	4632549
s	626412	259935492	4620373
s	626412	259935492	4608197
s	594602	245772263	4597227
s	549317	225701393	4587864
s	549317	225701393	4578501
s	549317	225701393	4569138
s	549317	225701393	4559775
s	549317	225701393	4550412
s	549317	225701393	4541048
s	549317	225701393	4531685
s	549317	225701393	4522322
s	549317	225701393	4512959
s	549317	225701393	4503596
s	549317	225701393	4494233
s	549317	225701393	4484870
s	549317	225701393	4475507
s	549317	225701393	4466144
s	549317	225701393	4456781
s	521422	213395189	4448345
s	521422	213395189	4439909
s	521422	213395189	4431473
s	521422	213395189	4423036
s	521422	213395189	4414600
s	521422	213395189	4406164
s	521422	213395189	4397728
s	521422	213395189	4389292
s	521422	213395189	4380855
s	521422	213395189	4372419
s	521422	213395189	4363983
s	521422	213395189	4355547
s	521422	213395189	4347111
s	521422	213395189	4338675
s	521422	213395189	4330238
s	521422	213395189	4321802
s	521422	213395189	4313366
s	521422	213395189	4304930
s	521422	213395189	4296494
s	521422	213395189	4288057
s	521422	213395189	4279621
s	521422	213395189	4271185
s	521422	213395189	4262749
s	521422	213395189	4254313
s	521422	213395189	4245876
s	521422	213395189	4237440
s	521422	213395189	4229004
s	521422	213395189	4220568
s	521422	213395189	4212132
s	521422	213395189	4203695
s	521422	213395189	4195259
s	521422	213395189	4186823
s	521422	213395189	4178387
s	521422	213395189	4169951
s	521422	213395189	4161514
s	521422	213395189	4153078
s	521422	213395189	4144642
s	521422	213395189	4136206
s	521422	213395189	4127770
s	521422	213395189	4119333
s	521422	213395189	4110897
s	521422	213395189	4102461
s	521422	213395189	4094025
s	521422	213395189	4085589
s	521422	213395189	4077153
s	521422	213395189	4068716
s	521422	213395189	4060280
s	521422	213395189	4051844
s	521422	213395189	4043408
s	521422	213395189	4034972
s	521422	213395189	4026535
s	521422	213395189	4018099
s	521422	213395189	4009663
s	521422	213395189	4001227
s	521422	213395189	3992791
s	521422	213395189	3984354
s	521422	213395189	3975918
s	521422	213395189	3967482
s	521422	213395189	3959046
s	521422	213395189	3950610
s	521422	213395189	3942173
s	521422	213395189	3933737
s	521422	213395189	3925301
s	521422	213395189	3916865
s	521422	213395189	3908429
s	521422	213395189	3899992
s	521422	213395189	3891556
s	521422	213395189	3883120
s	521422	213395189	3874684
s	521422	213395189	3866248
s	521422	213395189	3857812
s	521422	213395189	3849375
s	521422	213395189	3840939
s	521422	213395189	3832503
s	521422	213395189	3824067
s	521422	213395189	3815631
s	521422	213395189	3807194
s	521422	213395189	3798758
s	521422	213395189	3790322
s	521422	213395189	3781886
s	521422	213395189	3773450
s	521422	213395189	3765013
s	521422	213395189	3756577
s	521422	213395189	3748141
s	521422	213395189	3739705
s	521422	213395189	3731269
s	521422	213395189	3722832
s	521422	213395189	3714396
s	521422	213395189	3705960
s	521422	213395189	3697524
s	521422	213395189	3689088
s	521422	213395189	3680651
s	521422	213395189	3672215
s	521422	213395189	3663779
s	521422	213395189	3655343
s	521422	213395189	3646907
s	521422	213395189	3638470
s	521422	213395189	3630034
s	521422	213395189	3621598
s	521422	213395189	3613162
s	521421	213394749	3604726
s	521421	213394749	3596290
s	521421	213394749	3587853
s	521421	213394749	3579417
s	521421	213394749	3570981
s	521421	213394749	3562545
s	521421	213394749	3554109
s	521421	213394749	3545673
s	521421	213394749	3537236
s	521421	213394749	3528800
s	521421	213394749	3520364
s	521421	213394749	3511928
s	521421	213394749	3503492
s	521421	213394749	3495056
s	521421	213394749	3486620
s	521421	213394749	3478183
s	521421	213394749	3469747
s	521421	213394749	3461311
s	521421	213394749	3452875
s	521421	213394749	3444439
s	494943	201756572	3436838
s	494943	201756572	3429237
s	494943	201756572	3421635
s	494943	201756572	3414034
s	494943	201756572	3406433
s	494943	201756572	3398832
s	494943	201756572	3391231
s	494943	201756572	3383630
s	494943	201756572	3376029
s	494943	201756572	3368428
s	494943	201756572	3360827
s	494943	201756572	3353226
s	494943	201756572	3345625
s	494943	201756572	3338024
s	494943	201756572	3330422
s	494943	201756572	3322821
s	494943	201756572	3315220
s	494943	201756572	3307619
s	494943	201756572	3300018
s	494943	201756572	3292417
s	494943	201756572	3284816
s	494943	201756572	3277215
s	494943	201756572	3269614
s	494943	201756572	3262013
s	494943	201756572	3254412
s	494943	201756572	3246811
s	494943	201756572	3239209
s	494943	201756572	3231608
s	494943	201756572	3224007
s	494943	201756572	3216406
s	494943	201756572	3208805
s	494943	201756572	3201204
s	494943	201756572	3193603
s	494943	201756572	3186002
s	494943	201756572	3178401
s	494943	201756572	3170800
s	494943	201756572	3163199
s	494943	201756572	3155598
s	494943	201756572	3147996
s	494943	201756572	3140395
s	494943	201756572	3132794
s	494943	201756572	3125193
s	494943	201756572	3117592
s	494943	201756572	3109991
s	494943	201756572	3102390
s	494943	201756572	3094789
s	494943	201756572	3087188
s	494943	201756572	3079587
s	494943	201756572	3071986
s	494943	201756572	3064384
s	494943	201756572	3056783
s	494943	201756572	3049182
s	494943	201756572	3041581
s	494943	201756572	3033980
s	494943	201756572	3026379
s	494943	201756572	3018778
s	494943	201756572	3011177
s	494943	201756572	3003576
s	494943	201756572	2995975
s	494943	201756572	2988374
s	494943	201756572	2980773
s	494943	201756572	2973171
s	494943	201756572	2965570
s	494943	201756572	2957969
s	494943	201756572	2950368
s	494943	201756572	2942767
s	494943	201756572	2935166
s	494943	201756572	2927565
s	494943	201756572	2919964
s	494943	201756572	2912363
s	494943	201756572	2904762
s	494943	201756572	2897161
s	494943	201756572	2889560
s	494943	201756572	2881958
s	494943	201756572	2874357
s	494943	201756572	2866756
s	494943	201756572	2859155
s	494943	201756572	2851554
s	494943	201756572	2843953
s	494943	201756572	2836352
s	494943	201756572	2828751
s	494943	201756572	2821150
s	494943	201756572	2813549
s	494943	201756572	2805948
s	494943	201756572	2798347
s	494943	201756572	2790745
s	494943	201756572	2783144
s	494943	201756572	2775543
s	494943	201756572	2767942
s	494943	201756572	2760341
s	494943	201756572	2752740
s	469810	190750297	2745891
s	469809	190749860	2739043
s	469809	190749860	2732194
s	469809	190749860	2725345
s	469809	190749860	2718497
s	469809	190749860	2711648
s	469809	190749860	2704799
s	469809	190749860	2697951
s	469809	190749860	2691102
s	469809	190749860	2684253
s	469809	190749860	2677405
s	469809	190749860	2670556
s	469809	190749860	2663708
s	469809	190749860	2656859
s	469809	190749860	2650010
s	469809	190749860	2643162
s	469809	190749860	2636313
s	469809	190749860	2629464
s	445952	180341026	2623294
s	411988	165591521	2618027
s	411988	165591521	2612761
s	411988	165591521	2607494
s	411988	165591521	2602227
s	411988	165591521	2596961
s	411988	165591521	2591694
s	411988	165591521	2586428
s	411988	165591521	2581161
s	411988	165591521	2575895
s	411988	165591521	2570628
s	411988	165591521	2565362
s	411988	165591521	2560095
s	411988	165591521	2554829
s	411988	165591521	2549562
s	411988	165591521	2544296
s	411988	165591521	2539029
s	411988	165591521	2533763
s	411988	165591521	2528496
s	411988	165591521	2523230
s	411988	165591521	2517963
s	411988	165591521	2512697
s	411988	165591521	2507430
s	411988	165591521	2502164
s	411988	165591521	2496897
s	411988	165591521	2491630
s	411988	165591521	2486364
s	411988	165591521	2481097
s	411988	165591521	2475831
s	411988	165591521	2470564
s	411988	165591521	2465298
s	411988	165591521	2460031
s	411988	165591521	2454765
s	411988	165591521	2449498
s	411988	165591521	2444232
s	411987	165591088	2438965
s	391067	156549086	2434220
s	391067	156549086	2429475
s	391067	156549086	2424730
s	391067	156549086	2419985
s	391067	156549086	2415239
s	391067	156549086	2410494
s	391067	156549086	2405749
s	391067	156549086	2401004
s	391067	156549086	2396259
s	391067	156549086	2391513
s	391067	156549086	2386768
s	391067	156549086	2382023
s	391067	156549086	2377278
s	391067	156549086	2372533
s	391067	156549086	2367787
s	391067	156549086	2363042
s	391067	156549086	2358297
s	391067	156549086	2353552
s	391067	156549086	2348807
s	391067	156549086	2344061
s	391066	156548654	2339316
s	391066	156548654	2334571
s	391066	156548654	2329826
s	391066	156548654	2325081
s	391066	156548654	2320336
s	391066	156548654	2315590
s	391066	156548654	2310845
s	391066	156548654	2306100
s	391066	156548654	2301355
s	391066	156548654	2296610
s	391066	156548654	2291865
s	391066	156548654	2287119
s	391066	156548654	2282374
s	391066	156548654	2277629
s	391066	156548654	2272884
s	391066	156548654	2268139
s	391066	156548654	2263394
s	391066	156548654	2258648
s	391066	156548654	2253903
s	391066	156548654	2249158
s	391066	156548654	2244413
s	391066	156548654	2239668
s	391066	156548654	2234923
s	391066	156548654	2230177
s	391066	156548654	2225432
s	391066	156548654	2220687
s	391066	156548654	2215942
s	391066	156548654	2211197
s	391066	156548654	2206452
s	391066	156548654	2201706
s	391066	156548654	2196961
s	391066	156548654	2192216
s	391066	156548654	2187471
s	391066	156548654	2182726
s	391066	156548654	2177980
s	391066	156548654	2173235
s	391066	156548654	2168490
s	391066	156548654	2163745
s	391066	156548654	2159000
s	391066	156548654	2154255
s	391066	156548654	2149509
s	391066	156548654	2144764
s	391066	156548654	2140019
s	391066	156548654	2135274
s	391066	156548654	2130529
s	391066	156548654	2125784
s	391066	156548654	2121038
s	391066	156548654	2116293
s	391066	156548654	2111548
s	391066	156548654	2106803
s	391066	156548654	2102058
s	391066	156548654	2097313
s	391066	156548654	2092567
s	391066	156548654	2087822
s	391066	156548654	2083077
s	391066	156548654	2078332
s	391066	156548654	2073587
s	391066	156548654	2068842
s	391066	156548654	2064096
s	391066	156548654	2059351
s	391066	156548654	2054606
s	391066	156548654	2049861
s	391066	156548654	2045116
s	391066	156548654	2040371
s	391066	156548654	2035625
s	391066	156548654	2030880
s	391066	156548654	2026135
s	391066	156548654	2021390
s	391066	156548654	2016645
s	391066	156548654	2011900
s	391066	156548654	2007154
s	391066	156548654	2002409
s	391066	156548654	1997664
s	391066	156548654	1992919
s	391066	156548654	1988174
s	391066	156548654	1983429
s	391066	156548654	1978683
s	391066	156548654	1973938
s	391066	156548654	1969193
s	391066	156548654	1964448
s	391066	156548654	1959703
s	391066	156548654	1954958
s	391066	156548654	1950212
s	391066	156548654	1945467
s	391066	156548654	1940722
s	391066	156548654	1935977
s	391066	156548654	1931232
s	391066	156548654	1926487
s	391066	156548654	1921741
s	391066	156548654	1916996
s	391066	156548654	1912251
s	391066	156548654	1907506
s	391066	156548654	1902761
s	391066	156548654	1898016
s	391066	156548654	1893270
s	391066	156548654	1888525
s	391066	156548654	1883780
s	391066	156548654	1879035
s	391066	156548654	1874290
s	391066	156548654	1869544
s	391066	156548654	1864799
s	391066	156548654	1860054
s	391066	156548654	1855309
s	391066	156548654	1850564
s	391066	156548654	1845819
s	391066	156548654	1841073
s	391066	156548654	1836328
s	391066	156548654	1831583
s	391066	156548654	1826838
s	391066	156548654	1822093
s	391066	156548654	1817348
s	391066	156548654	1812602
s	391066	156548654	1807857
s	391066	156548654	1803112
s	391066	156548654	1798367
s	391066	156548654	1793622
s	391066	156548654	1788877
s	391066	156548654	1784131
s	391066	156548654	1779386
s	391066	156548654	1774641
s	391066	156548654	1769896
s	391066	156548654	1765151
s	391066	156548654	1760406
s	391066	156548654	1755660
s	391066	156548654	1750915
s	391066	156548654	1746170
s	391066	156548654	1741425
s	391066	156548654	1736680
s	391066	156548654	1731935
s	391066	156548654	1727189
s	391066	156548654	1722444
s	391066	156548654	1717699
s	391066	156548654	1712954
s	391066	156548654	1708209
s	391066	156548654	1703464
s	391066	156548654	1698718
s	391066	156548654	1693973
s	391066	156548654	1689228
s	391066	156548654	1684483
s	391066	156548654	1679738
s	391066	156548654	1674993
s	391066	156548654	1670247
s	391066	156548654	1665502
s	391066	156548654	1660757
s	391066	156548654	1656012
s	371208	147997841	1651736
s	371208	147997841	1647461
s	371208	147997841	1643186
s	371208	147997841	1638910
s	371208	147997841	1634635
s	371208	147997841	1630359
s	371208	147997841	1626084
s	371208	147997841	1621808
s	371208	147997841	1617533
s	371208	147997841	1613257
s	371208	147997841	1608982
s	371208	147997841	1604706
s	371208	147997841	1600431
s	371208	147997841	1596155
s	371208	147997841	1591880
s	371208	147997841	1587605
s	371208	147997841	1583329
s	371208	147997841	1579054
s	371208	147997841	1574778
s	371208	147997841	1570503
s	371208	147997841	1566227
s	371208	147997841	1561952
s	371208	147997841	1557676
s	371208	147997841	1553401
s	371208	147997841	1549125
s	371208	147997841	1544850
s	371208	147997841	1540574
s	371208	147997841	1536299
s	371208	147997841	1532024
s	371208	147997841	1527748
s	371208	147997841	1523473
s	371208	147997841	1519197
s	371208	147997841	1514922
s	371208	147997841	1510646
s	371208	147997841	1506371
s	371208	147997841	1502095
s	371208	147997841	1497820
s	371208	147997841	1493544
s	371208	147997841	1489269
s	371208	147997841	1484993
s	371208	147997841	1480718
s	371208	147997841	1476443
s	371208	147997841	1472167
s	371208	147997841	1467892
s	371208	147997841	1463616
s	371208	147997841	1459341
s	371208	147997841	1455065
s	371208	147997841	1450790
s	371208	147997841	1446514
s	371208	147997841	1442239
s	371207	147997411	1437963
s	371207	147997411	1433688
s	371207	147997411	1429413
s	371207	147997411	1425137
s	371207	147997411	1420862
s	371207	147997411	1416586
s	371207	147997411	1412311
s	371207	147997411	1408035
s	371207	147997411	1403760
s	371207	147997411	1399485
s	371207	147997411	1395209
s	371207	147997411	1390934
s	371207	147997411	1386658
s	371207	147997411	1382383
s	371207	147997411	1378107
s	371207	147997411	1373832
s	371207	147997411	1369556
s	371207	147997411	1365281
s	371207	147997411	1361006
s	371207	147997411	1356730
s	371207	147997411	1352455
s	371207	147997411	1348179
s	371207	147997411	1343904
s	371207	147997411	1339628
s	371207	147997411	1335353
s	371207	147997411	1331078
s	371207	147997411	1326802
s	371207	147997411	1322527
s	371207	147997411	1318251
s	371207	147997411	1313976
s	371207	147997411	1309700
s	371207	147997411	1305425
s	371207	147997411	1301149
s	371207	147997411	1296874
s	371207	147997411	1292599
s	371207	147997411	1288323
s	371207	147997411	1284048
s	371207	147997411	1279772
s	371207	147997411	1275497
s	371207	147997411	1271221
s	371207	147997411	1266946
s	371207	147997411	1262671
s	371207	147997411	1258395
s	371207	147997411	1254120
s	371207	147997411	1249844
s	371207	147997411	1245569
s	371207	147997411	1241293
s	371207	147997411	1237018
s	371207	147997411	1232743
s	371207	147997411	1228467
s	371207	147997411	1224192
s	371207	147997411	1219916
s	371207	147997411	1215641
s	371207	147997411	1211365
s	371207	147997411	1207090
s	352357	139911183	1203238
s	352357	139911183	1199385
s	352357	139911183	1195533
s	352357	139911183	1191681
s	352357	139911183	1187829
s	352357	139911183	1183977
s	352357	139911183	1180124
s	352357	139911183	1176272
s	352357	139911183	1172420
s	352357	139911183	1168568
s	352357	139911183	1164716
s	352357	139911183	1160863
s	352357	139911183	1157011
s	352357	139911183	1153159
s	352357	139911183	1149307
s	352357	139911183	1145454
s	352357	139911183	1141602
s	352357	139911183	1137750
s	352357	139911183	1133898
s	334464	132264475	1130427
s	308991	121430165	1127465
s	308991	121430165	1124502
s	308991	121430165	1121540
s	308991	121430165	1118578
s	308991	121430165	1115616
s	308991	121430165	1112653
s	308991	121430165	1109691
s	308991	121430165	1106729
s	308991	121430165	1103766
s	308991	121430165	1100804
s	308991	121430165	1097842
s	308991	121430165	1094880
s	308991	121430165	1091917
s	308991	121430165	1088955
s	308991	121430165	1085993
s	308991	121430165	1083030
s	308991	121430165	1080068
s	308991	121430165	1077106
s	308991	121430165	1074144
s	308991	121430165	1071181
s	308991	121430165	1068219
s	308991	121430165	1065257
s	308991	121430165	1062294
s	308991	121430165	1059332
s	308991	121430165	1056370
s	308991	121430165	1053408
s	308991	121430165	1050445
s	308991	121430165	1047483
s	308991	121430165	1044521
s	308991	121430165	1041558
s	308991	121430165	1038596
s	308991	121430165	1035634
s	308991	121430165	1032672
s	308991	121430165	1029709
s	308991	121430165	1026747
s	308991	121430165	1023785
s	308991	121430165	1020823
s	308991	121430165	1017860
s	308991	121430165	1014898
s	308991	121430165	1011936
s	308991	121430165	1008973
s	308991	121430165	1006011
s	308991	121430165	1003049
s	308991	121430165	1000087
s	308991	121430165	997124
s	308991	121430165	994162
s	308991	121430165	991200
s	308991	121430165	988237
s	308991	121430165	985275
s	308991	121430165	982313
s	308991	121430165	979351
s	308991	121430165	976388
s	308991	121430165	973426
s	308991	121430165	970464
s	308991	121430165	967501
s	308991	121430165	964539
s	308991	121430165	961577
s	308991	121430165	958615
s	308991	121430165	955652
s	308991	121430165	952690
s	308991	121430165	949728
s	308991	121430165	946765
s	308991	121430165	943803
s	308991	121430165	940841
s	308991	121430165	937879
s	308991	121430165	934916
s	308991	121430165	931954
s	308991	121430165	928992
s	308991	121430165	926029
s	308991	121430165	923067
s	293300	114788564	920398
s	293300	114788564	917729
s	293300	114788564	915060
s	293300	114788564	912391
s	293300	114788564	909722
s	293300	114788564	907053
s	293300	114788564	904384
s	293300	114788564	901715
s	293300	114788564	899046
s	293300	114788564	896377
s	293300	114788564	893708
s	293300	114788564	891039
s	293300	114788564	888370
s	293300	114788564	885701
s	293300	114788564	883032
s	293300	114788564	880363
s	293300	114788564	877694
s	293300	114788564	875025
s	293300	114788564	872356
s	293300	114788564	869686
s	293300	114788564	867017
s	293300	114788564	864348
s	293300	114788564	861679
s	293300	114788564	859010
s	293300	114788564	856341
s	293300	114788564	853672
s	293300	114788564	851003
s	293300	114788564	848334
s	293300	114788564	845665
s	293300	114788564	842996
s	293300	114788564	840327
s	293300	114788564	837658
s	293300	114788564	834989
s	293300	114788564	832320
s	293300	114788564	829651
s	293300	114788564	826982
s	293300	114788564	824313
s	293300	114788564	821644
s	293300	114788564	818975
s	293300	114788564	816306
s	293300	114788564	813637
s	293300	114788564	810968
s	293300	114788564	808299
s	293300	114788564	805630
s	293300	114788564	802961
s	293300	114788564	800292
s	293300	114788564	797622
s	293300	114788564	794953
s	293300	114788564	792284
s	293300	114788564	789615
s	293300	114788564	786946
s	293300	114788564	784277
s	293300	114788564	781608
s	293300	114788564	778939
s	293300	114788564	776270
s	293300	114788564	773601
s	293300	114788564	770932
s	293300	114788564	768263
s	293300	114788564	765594
s	293300	114788564	762925
s	293300	114788564	760256
s	293300	114788564	757587
s	293300	114788564	754918
s	293300	114788564	752249
s	293300	114788564	749580
s	293300	114788564	746911
s	293300	114788564	744242
s	293300	114788564	741573
s	293300	114788564	738904
s	293300	114788564	736235
s	293300	114788564	733566
s	293300	114788564	730897
s	293300	114788564	728228
s	293300	114788564	725558
s	293300	114788564	722889
s	293300	114788564	720220
s	293300	114788564	717551
s	293300	114788564	714882
s	293300	114788564	712213
s	293300	114788564	709544
s	293300	114788564	706875
s	293300	114788564	704206
s	293300	114788564	701537
s	293300	114788564	698868
s	293300	114788564	696199
s	293300	114788564	693530
s	293300	114788564	690861
s	293300	114788564	688192
s	293300	114788564	685523
s	293300	114788564	682854
s	293300	114788564	680185
s	293300	114788564	677516
s	293300	114788564	674847
s	293300	114788564	672178
s	293300	114788564	669509
s	293300	114788564	666840
s	293300	114788564	664171
s	293300	114788564	661502
s	293300	114788564	658833
s	293300	114788564	656164
s	293300	114788564	653494
s	293300	114788564	650825
s	293300	114788564	648156
s	293300	114788564	645487
s	293300	114788564	642818
s	293300	114788564	640149
s	293300	114788564	637480
s	293300	114788564	634811
s	293300	114788564	632142
s	293300	114788564	629473
s	293300	114788564	626804
s	293300	114788564	624135
s	293300	114788564	621466
s	293300	114788564	618797
s	293300	114788564	616128
s	293300	114788564	613459
s	293300	114788564	610790
s	293300	114788564	608121
s	293300	114788564	605452
s	293300	114788564	602783
s	293300	114788564	600114
s	293300	114788564	597445
s	293300	114788564	594776
s	293300	114788564	592107
s	293300	114788564	589438
s	293300	114788564	586769
s	293300	114788564	584100
s	293300	114788564	581430
s	293300	114788564	578761
s	293300	114788564	576092
s	293300	114788564	573423
s	293300	114788564	570754
s	293300	114788564	568085
s	293300	114788564	565416
s	293300	114788564	562747
s	293300	114788564	560078
s	293300	114788564	557409
s	293300	114788564	554740
s	293300	114788564	552071
s	293300	114788564	549402
s	293300	114788564	546733
s	293300	114788564	544064
s	293300	114788564	541395
s	293300	114788564	538726
s	293300	114788564	536057
s	293300	114788564	533388
s	293300	114788564	530719
s	293300	114788564	528050
s	293300	114788564	525381
s	293300	114788564	522712
s	293300	114788564	520043
s	293300	114788564	517374
s	293300	114788564	514705
s	293300	114788564	512036
s	293300	114788564	509366
s	293300	114788564	506697
s	293300	114788564	504028
s	293300	114788564	501359
s	293300	114788564	498690
s	293300	114788564	496021
s	293300	114788564	493352
s	293300	114788564	490683
s	293300	114788564	488014
s	293300	114788564	485345
s	293300	114788564	482676
s	293300	114788564	480007
s	293300	114788564	477338
s	293300	114788564	474669
s	293300	114788564	472000
s	293300	114788564	469331
s	293300	114788564	466662
s	293300	114788564	463993
s	293300	114788564	461324
s	293300	114788564	458655
s	293300	114788564	455986
s	293300	114788564	453317
s	293300	114788564	450648
s	293300	114788564	447979
s	293300	114788564	445310
s	293300	114788564	442641
s	293300	114788564	439972
s	293300	114788564	437302
s	293300	114788564	434633
s	293300	114788564	431964
s	293300	114788564	429295
s	293300	114788564	426626
s	293300	114788564	423957
s	293300	114788564	421288
s	293300	114788564	418619
s	293300	114788564	415950
s	293300	114788564	413281
s	293300	114788564	410612
s	293300	114788564	407943
s	293300	114788564	405274
s	293300	114788564	402605
s	293300	114788564	399936
s	293300	114788564	397267
s	293300	114788564	394598
s	293300	114788564	391929
s	293300	114788564	389260
s	293300	114788564	386591
s	293300	114788564	383922
s	293300	114788564	381253
s	293300	114788564	378584
s	293300	114788564	375915
s	293300	114788564	373246
s	293300	114788564	370577
s	293300	114788564	367908
s	293300	114788564	365238
s	293300	114788564	362569
s	293300	114788564	359900
s	293300	114788564	357231
s	293300	114788564	354562
s	293300	114788564	351893
s	293300	114788564	349224
s	293300	114788564	346555
s	293300	114788564	343886
s	293300	114788564	341217
s	293300	114788564	338548
s	293300	114788564	335879
s	278406	108508444	333474
s	278406	108508444	331069
s	278406	108508444	328665
s	278406	108508444	326260
s	278406	108508444	323855
s	278406	108508444	321450
s	278406	108508444	319045
s	278406	108508444	316640
s	278406	108508444	314236
s	278406	108508444	311831
s	278406	108508444	309426
s	278406	108508444	307021
s	278406	108508444	304616
s	278406	108508444	302212
s	278406	108508444	299807
s	278406	108508444	297402
s	278406	108508444	294997
s	278406	108508444	292592
s	278406	108508444	290187
s	278406	108508444	287783
s	278406	108508444	285378
s	278406	108508444	282973
s	278406	108508444	280568
s	278406	108508444	278163
s	278406	108508444	275758
s	278406	108508444	273354
s	278406	108508444	270949
s	278406	108508444	268544
s	278406	108508444	266139
s	278406	108508444	263734
s	278406	108508444	261330
s	278406	108508444	258925
s	278406	108508444	256520
s	278406	108508444	254115
s	278406	108508444	251710
s	278406	108508444	249305
s	278406	108508444	246901
s	278406	108508444	244496
s	278406	108508444	242091
s	278406	108508444	239686
s	278406	108508444	237281
s	278406	108508444	234876
s	278406	108508444	232472
s	278406	108508444	230067
s	278406	108508444	227662
s	278406	108508444	225257
s	278406	108508444	222852
s	278406	108508444	220448
s	278406	108508444	218043
s	278406	108508444	215638
s	278406	108508444	213233
s	278406	108508444	210828
s	278406	108508444	208423
s	278406	108508444	206019
s	278406	108508444	203614
s	278406	108508444	201209
s	278406	108508444	198804
s	278406	108508444	196399
s	278406	108508444	193994
s	278406	108508444	191590
s	278406	108508444	189185
s	278406	108508444	186780
s	278406	108508444	184375
s	278406	108508444	181970
s	278406	108508444	179566
s	278406	108508444	177161
s	278406	108508444	174756
s	278406	108508444	172351
s	278406	108508444	169946
s	278406	108508444	167541
s	278406	108508444	165137
s	278406	108508444	162732
s	278406	108508444	160327
s	278406	108508444	157922
s	278406	108508444	155517
s	278406	108508444	153112
s	278406	108508444	150708
s	278406	108508444	148303
s	278406	108508444	145898
s	278406	108508444	143493
s	278406	108508444	141088
s	278406	108508444	138684
s	278406	108508444	136279
s	278406	108508444	133874
s	278406	108508444	131469
s	278406	108508444	129064
s	278406	108508444	126659
s	278406	108508444	124255
s	278406	108508444	121850
s	278406	108508444	119445
s	278406	108508444	117040
s	278406	108508444	114635
s	278406	108508444	112230
s	278406	108508444	109826
s	278406	108508444	107421
s	278406	108508444	105016
s	278406	108508444	102611
s	278406	108508444	100206
s	278406	108508444	97802
s	278406	108508444	95397
s	278406	108508444	92992
s	278406	108508444	90587
s	278406	108508444	88182
s	278406	108508444	85777
s	278406	108508444	83373
s	278406	108508444	80968
s	278406	108508444	78563
s	278406	108508444	76158
s	278406	108508444	73753
s	278406	108508444	71348
s	278406	108508444	68944
s	278406	108508444	66539
s	278406	108508444	64134
s	278406	108508444	61729
s	278406	108508444	59324
s	278406	108508444	56920
s	278406	108508444	54515
s	278406	108508444	52110
s	278406	108508444	49705
s	278406	108508444	47300
s	264268	102570000	45134
s	264268	102570000	42967
s	264268	102570000	40800
s	264268	102570000	38633
s	264268	102570000	36466
s	264268	102570000	34300
s	264268	102570000	32133
s	264268	102570000	29966
s	264268	102570000	27799
s	264268	102570000	25633
s	264268	102570000	23466
s	264268	102570000	21299
s	264268	102570000	19132
s	264268	102570000	16966
s	264268	102570000	14799
s	264268	102570000	12632
s	264268	102570000	10465
s	264268	102570000	8299
s	264268	102570000	6132
s	264268	102570000	3965
s	250848	96954885	2013
