c	0	0	31032811200
c	1000000000	48422080800	19395507000
c	750000000	36316560600	12849523387
c	562500000	27237420450	9167407605
c	421875000	20428065337	7096217478
c	316406250	15321049003	5931173026
c	250000000	12105520200	5203841514
c	237304687	11490786728	4548504013
c	187500000	9079140150	4139380037
c	187500000	9079140150	3730256062
c	177978515	8618090033	3361628718
c	140625000	6809355112	3131496482
c	140625000	6809355112	2901364246
c	140625000	6809355112	2671232009
c	133483886	6463567513	2463879128
c	105468750	5107016334	2334429744
c	105468750	5107016334	2204980359
c	105468750	5107016334	2075530974
c	105468750	5107016334	1946081590
c	100112914	4847675610	1829445595
c	79101563	3830262274	1756630315
c	79101562	3830262226	1683815037
c	79101562	3830262226	1610999759
c	79101562	3830262226	1538184481
c	79101562	3830262226	1465369203
c	75084685	3635756683	1399761455
c	62500000	3026380050	1354303236
c	59326172	2872696694	1313344642
c	59326172	2872696694	1272386048
c	59326171	2872696645	1231427455
c	59326171	2872696645	1190468862
c	59326171	2872696645	1149510269
c	59326171	2872696645	1108551676
c	56313513	2726817476	1071647319
c	46875000	2269785037	1046077070
c	46875000	2269785037	1020506822
c	46875000	2269785037	994936573
c	44494629	2154522520	971897363
c	44494629	2154522520	948858153
c	44494629	2154522520	925818943
c	44494628	2154522472	902779735
c	44494628	2154522472	879740526
c	44494628	2154522472	856701318
c	44494628	2154522472	833662110
c	42235134	2045113071	812903410
c	35156250	1702338778	798520145
c	35156250	1702338778	784136880
c	35156250	1702338778	769753614
c	35156250	1702338778	755370349
c	35156250	1702338778	740987084
c	35156250	1702338778	726603818
c	33370972	1615891902	713644263
c	33370971	1615891854	700684708
c	33370971	1615891854	687725153
c	33370971	1615891854	674765599
c	33370971	1615891854	661806044
c	33370971	1615891854	648846489
c	33370971	1615891854	635886934
c	33370971	1615891854	622927379
c	31676350	1533834779	611250611
c	26367188	1276754107	603160024
c	26367188	1276754107	595069437
c	26367188	1276754107	586978851
c	26367188	1276754107	578888264
c	26367187	1276754059	570797677
c	26367187	1276754059	562707091
c	26367187	1276754059	554616505
c	26367187	1276754059	546525918
c	26367187	1276754059	538435332
c	26367187	1276754059	530344746
c	25028229	1211918926	523054995
c	25028229	1211918926	515765245
c	25028228	1211918878	508475496
c	25028228	1211918878	501185746
c	25028228	1211918878	493895997
c	25028228	1211918878	486606248
c	25028228	1211918878	479316498
c	25028228	1211918878	472026749
c	25028228	1211918878	464737000
c	23757262	1150376060	458168818
c	19775391	957565580	453617863
c	19775391	957565580	449066907
c	19775391	957565580	444515952
c	19775391	957565580	439964997
c	19775391	957565580	435414042
c	19775391	957565580	430863087
c	19775391	957565580	426312131
c	19775391	957565580	421761176
c	19775391	957565580	417210221
c	19775390	957565532	412659266
c	19775390	957565532	408108311
c	19775390	957565532	403557356
c	19775390	957565532	399006401
c	19775390	957565532	394455447
c	19775390	957565532	389904492
c	18771172	908939207	385804007
c	18771171	908939158	381703523
c	18771171	908939158	377603039
c	18771171	908939158	373502555
c	18771171	908939158	369402071
c	18771171	908939158	365301587
c	18771171	908939158	361201103
c	18771171	908939158	357100618
c	18771171	908939158	353000134
c	18771171	908939158	348899650
c	17817946	862782020	345205048
c	15625000	756595012	342363909
c	14831543	718174173	339803997
c	14831543	718174173	337244085
c	14831543	718174173	334684172
c	14831543	718174173	332124260
c	14831543	718174173	329564348
c	14831543	718174173	327004436
c	14831543	718174173	324444523
c	14831543	718174173	321884611
c	14831543	718174173	319324699
c	14831543	718174173	316764787
c	14831543	718174173	314204875
c	14831543	718174173	311644962
c	14831543	718174173	309085050
c	14831543	718174173	306525138
c	14831543	718174173	303965226
c	14831542	718174125	301405314
c	14831542	718174125	298845402
c	14831542	718174125	296285490
c	14831542	718174125	293725578
c	14831542	718174125	291165665
c	14831542	718174125	288605753
c	14078379	681704405	286299231
c	14078379	681704405	283992708
c	14078378	681704357	281686186
c	14078378	681704357	279379664
c	14078378	681704357	277073141
c	14078378	681704357	274766619
c	14078378	681704357	272460096
c	14078378	681704357	270153574
c	14078378	681704357	267847052
c	14078378	681704357	265540529
c	14078378	681704357	263234007
c	13363459	647086491	261155793
c	11718750	567446259	259557653
c	11718750	567446259	257959512
c	11718750	567446259	256361371
c	11718750	567446259	254763231
c	11123658	538630666	253323280
c	11123658	538630666	251883329
c	11123658	538630666	250443378
c	11123657	538630618	249003427
c	11123657	538630618	247563476
c	11123657	538630618	246123525
c	11123657	538630618	244683575
c	11123657	538630618	243243624
c	11123657	538630618	241803673
c	11123657	538630618	240363722
c	11123657	538630618	238923772
c	11123657	538630618	237483821
c	11123657	538630618	236043870
c	11123657	538630618	234603919
c	11123657	538630618	233163969
c	11123657	538630618	231724018
c	11123657	538630618	230284067
c	11123657	538630618	228844116
c	11123657	538630618	227404165
c	11123657	538630618	225964215
c	11123657	538630618	224524264
c	11123657	538630618	223084313
c	11123656	538630569	221644363
c	11123656	538630569	220204413
c	11123656	538630569	218764462
c	11123656	538630569	217324512
c	11123656	538630569	215884562
c	11123656	538630569	214444612
c	10558784	511278291	213147193
c	10558784	511278291	211849774
c	10558784	511278291	210552355
c	10558783	511278243	209254937
c	10558783	511278243	207957518
c	10558783	511278243	206660099
c	10558783	511278243	205362681
c	10558783	511278243	204065262
c	10558783	511278243	202767843
c	10558783	511278243	201470425
c	10558783	511278243	200173006
c	10558783	511278243	198875587
c	10022594	485314856	197706592
s	8789063	4368792281	195309402
s	8789063	4368792281	192912212
s	8789063	4368792281	190515022
s	8789063	4368792281	188117833
s	8789063	4368792281	185720643
s	8789063	4368792281	183323453
s	8789062	4368791752	180926263
s	8789062	4368791752	178529074
s	8789062	4368791752	176131885
s	8789062	4368791752	173734696
s	8342743	4133422444	171574790
s	8342743	4133422444	169414884
s	8342743	4133422444	167254978
s	8342743	4133422444	165095072
s	8342743	4133422444	162935166
s	8342743	4133422444	160775261
s	8342743	4133422444	158615355
s	8342743	4133422444	156455449
s	8342743	4133422444	154295543
s	8342743	4133422444	152135637
s	8342743	4133422444	149975731
s	8342742	4133421917	147815826
s	8342742	4133421917	145655921
s	8342742	4133421917	143496016
s	8342742	4133421917	141336110
s	8342742	4133421917	139176205
s	8342742	4133421917	137016300
s	8342742	4133421917	134856394
s	8342742	4133421917	132696489
s	8342742	4133421917	130536584
s	8342742	4133421917	128376678
s	8342742	4133421917	126216773
s	8342742	4133421917	124056868
s	8342742	4133421917	121896962
s	8342742	4133421917	119737057
s	8342742	4133421917	117577152
s	8342742	4133421917	115417247
s	8342742	4133421917	113257341
s	8342742	4133421917	111097436
s	8342742	4133421917	108937531
s	8342742	4133421917	106777625
s	8342742	4133421917	104617720
s	8342742	4133421917	102457815
s	8342742	4133421917	100297909
s	8342742	4133421917	98138004
s	8342742	4133421917	95978099
s	7919088	3910691551	94031989
s	7919088	3910691551	92085880
s	7919088	3910691551	90139771
s	7919088	3910691551	88193662
s	7919087	3910691026	86247553
s	7919087	3910691026	84301444
s	7919087	3910691026	82355335
s	7919087	3910691026	80409227
s	7919087	3910691026	78463118
s	7919087	3910691026	76517009
s	7919087	3910691026	74570900
s	7919087	3910691026	72624791
s	7919087	3910691026	70678683
s	7516945	3699921855	68925208
s	6591797	3217640030	67576793
s	6591797	3217640030	66228377
s	6591797	3217640030	64879962
s	6591797	3217640030	63531546
s	6591797	3217640030	62183131
s	6591797	3217640030	60834715
s	6591797	3217640030	59486300
s	6591797	3217640030	58137884
s	6591797	3217640030	56789469
s	6591797	3217640030	55441053
s	6257058	3044106933	54226109
s	6257058	3044106933	53011166
s	6257057	3044106416	51796222
s	6257057	3044106416	50581279
s	6257057	3044106416	49366335
s	6257057	3044106416	48151392
s	6257057	3044106416	46936448
s	6257057	3044106416	45721505
s	6257057	3044106416	44506562
s	5939316	2879900110	43411878
s	4943848	2369014614	42653397
s	4943848	2369014614	41894916
s	4943848	2369014614	41136435
s	4943848	2369014614	40377954
s	4943848	2369014614	39619473
s	4943848	2369014614	38860992
s	4943848	2369014614	38102511
s	4943848	2369014614	37344030
s	4943848	2369014614	36585549
s	4943848	2369014614	35827068
s	4943848	2369014614	35068586
s	4943848	2369014614	34310105
s	4943848	2369014614	33551624
s	4943848	2369014614	32793143
s	4943848	2369014614	32034662
s	4692793	2241109725	31351259
s	4692793	2241109725	30667856
s	4692793	2241109725	29984453
s	4692793	2241109725	29301049
s	4692793	2241109725	28617646
s	4692793	2241109725	27934243
s	4692793	2241109725	27250840
s	4692793	2241109725	26567437
s	4692793	2241109725	25884033
s	4692793	2241109725	25200630
s	4454487	2120086167	24584873
s	3906250	1843207044	24111359
s	3707886	1743599306	23684716
s	3707886	1743599306	23258072
s	3707886	1743599306	22831428
s	3707886	1743599306	22404785
s	3707886	1743599306	21978141
s	3707886	1743599306	21551497
s	3707886	1743599306	21124854
s	3707886	1743599306	20698210
s	3707886	1743599306	20271567
s	3707886	1743599306	19844923
s	3707886	1743599306	19418279
s	3707886	1743599306	18991636
s	3707886	1743599306	18564992
s	3707886	1743599306	18138349
s	3707886	1743599306	17711705
s	3707886	1743599306	17285061
s	3707886	1743599306	16858418
s	3707886	1743599306	16431774
s	3707886	1743599306	16005130
s	3707886	1743599306	15578487
s	3707886	1743599306	15151843
s	3519595	1649354756	14767431
s	3519595	1649354756	14383018
s	3519595	1649354756	13998606
s	3519595	1649354756	13614193
s	3519595	1649354756	13229781
s	3519595	1649354756	12845368
s	3519595	1649354756	12460956
s	3519595	1649354756	12076544
s	3519595	1649354756	11692131
s	3519595	1649354756	11307719
s	3519595	1649354756	10923306
s	3340865	1560185314	10576945
s	2929688	1356203731	10310594
s	2929688	1356203731	10044244
s	2929688	1356203731	9777894
s	2929688	1356203731	9511544
s	2780915	1282828486	9271558
s	2780915	1282828486	9031572
s	2780915	1282828486	8791587
s	2780915	1282828486	8551601
s	2780915	1282828486	8311615
s	2780915	1282828486	8071630
s	2780915	1282828486	7831644
s	2780915	1282828486	7591658
s	2780915	1282828486	7351673
s	2780915	1282828486	7111687
s	2780915	1282828486	6871701
s	2780915	1282828486	6631716
s	2780915	1282828486	6391730
s	2780915	1282828486	6151745
s	2780915	1282828486	5911759
s	2780915	1282828486	5671773
s	2780915	1282828486	5431788
s	2780915	1282828486	5191802
s	2780915	1282828486	4951816
s	2780915	1282828486	4711831
s	2780915	1282828486	4471845
s	2780915	1282828486	4231859
s	2780914	1282827993	3991874
s	2780914	1282827993	3751888
s	2780914	1282827993	3511903
s	2780914	1282827993	3271917
s	2780914	1282827993	3031932
s	2780914	1282827993	2791946
s	2639696	1213407696	2575716
s	2639696	1213407696	2359485
s	2639696	1213407696	2143255
s	2639696	1213407696	1927024
s	2639696	1213407696	1710793
s	2639696	1213407696	1494563
s	2639696	1213407696	1278332
s	2639696	1213407696	1062102
s	2639696	1213407696	845871
s	2639696	1213407696	629641
s	2639696	1213407696	413410
s	2639696	1213407696	197179
s	2505649	1147729720	2352
